-281.85 448.072 -62.0807
-56.7449 542.32 -109.722
-56.0223 537.155 -108.165
-100.948 541.132 -112.985
-7.71675 552.446 -115.08
67.9586 528.746 -109.997
-85.2053 514.179 -110.456
41.2983 516.153 -111.411
152.274 539.826 -115.527
-116.273 529.852 -119.048
-37.791 535.071 -123.041
-31.1218 547.211 -130.948
236.099 443.628 -30.7511
248.952 459.131 -31.9158
267.764 410.103 -27.8658
247.782 452.625 -34.5443
267.059 462.325 -35.8709
264.826 444.941 -35.0993
278.604 426.846 -32.0118
265.545 482.678 -41.5234
278.726 425.605 -36.0269
219.89 450.133 -41.9154
262.988 469.61 -44.278
277.601 420.733 -40.3935
296.158 423.359 -40.7948
232.474 437.822 -44.8943
-211 490.178 73.2046
-140.301 510.035 76.4208
-127.342 488.593 72.1945
-66.6973 529.339 77.9002
-66.1408 527.656 79.1932
-61.0464 542.117 80.8405
-61.2463 545.009 81.2749
-46.0821 509.866 75.2721
-45.9758 511.548 75.2323
-35.7311 540.684 79.5774
-25.9418 524.301 77.9615
-22.8522 520.948 77.4411
-21.9771 518.042 76.5544
-20.7409 517.53 76.2346
-8.74085 538.381 79.385
12.2219 509.289 74.7786
99.6357 545.183 80.2942
101.574 542.037 81.624
124.585 534.967 79.4105
-126.157 475.375 66.3411
-119.615 464.055 64.7931
-63.4885 473.398 67.5453
-50.8413 537.784 75.9859
-50.4305 534.868 75.3886
-51.0575 542.724 76.9153
-41.0197 472.019 65.7337
-41.6466 539.919 75.6256
0.076544 553.481 77.073
4.22231 515.997 73.2998
10.3802 559.321 79.7919
57.9632 499.736 71.2725
58.805 501.345 70.5229
87.58 551.614 77.8791
86.6564 516.288 72.2905
156.981 529.222 75.2654
-178.959 518.991 68.8759
-139.204 474.636 62.7616
-139.228 475.829 63.1826
-138.457 474.677 63.1491
-138.018 507.737 68.6587
-101.397 468.346 62.3819
-7.5036 543.629 73.2471
20.8003 535.335 71.0488
23.6233 531.285 70.3679
30.1664 522.081 69.5345
75.6633 523.969 70.2667
84.0079 517.026 69.9375
98.5932 495.049 65.5779
-254.754 455.342 56.3292
-206.888 457.167 58.1984
-203.513 450.282 57.2647
-202.384 452.038 56.9941
-134.877 452.805 56.131
-152.57 509.371 64.9036
-137.072 500.749 62.8781
-54.1246 481.861 61.6196
-26.9762 477.929 60.451
14.3022 557.362 71.1927
26.5843 457.175 57.7343
85.1484 515.248 64.6082
159.545 500.542 63.1243
-233.065 503.203 58.52
-213.331 460.633 54.6001
-230.763 506.232 59.7226
-226.989 499.584 59.231
-151.651 543.464 63.5524
-104.888 460.444 53.7357
-39.1922 471.81 56.1935
52.9865 516.465 61.7351
61.7574 516.084 61.6479
89.4921 508.418 59.6825
131.749 458.534 53.6654
-201.775 448.696 49.745
-212.956 526.951 58.0082
-152.187 463.937 51.1582
-17.591 536.105 59.1987
4.53253 556.93 61.758
19.6291 534.623 60.2024
26.6034 469.651 53.0374
62.7334 495.97 55.9854
126.993 545.099 61.0922
118.663 439.748 49.3415
99.9106 541.973 106.603
121.822 543.462 108.065
96.3338 534.574 101.946
109.469 540.685 103.615
-105.66 551.006 100.921
-103.612 549.54 99.7893
-57.1598 551.395 99.4699
-14.41 519.445 94.6159
94.5899 530.889 97.1134
98.4727 536.973 97.4105
99.955 542.504 98.3663
102.609 544.926 99.4474
130.626 538.511 97.6105
-105.898 518.552 90.9456
-105.1 551.161 97.1122
109.677 551.582 96.5923
-179.504 526.807 86.9987
-133.939 548.962 92.4286
7.61065 552.652 92.6866
76.5533 514.971 85.2281
116.97 540.3 89.1805
121.369 542.287 90.7522
125.077 539.297 90.8543
133.043 542.892 89.6005
138.419 508.56 84.6195
154.696 545.635 90.196
-54.9293 541.087 86.1408
-47.5339 526.422 83.1933
-28.0344 531.513 84.6784
-23.7788 499.376 79.7393
-19.5251 496.747 79.5078
74.8632 518.655 83.4322
100.486 543.608 86.1585
103.949 541.333 86.5275
107.265 540.587 86.498
99.7084 540.452 105.074
112.487 536.746 103.029
-45.6201 542.448 99.8432
-16.5558 526.338 97.9586
-93.0927 554.855 99.1045
-21.5947 527.73 93.0718
-16.2069 522.5 93.3125
88.5647 527.252 93.6641
97.3683 530.361 94.036
98.1547 534.634 94.3467
-104.5 515.467 86.9651
-103.253 549.998 93.9476
18.6935 542.046 93.0193
35.1158 508.724 85.9564
98.0737 539.717 92.6958
-19.4571 501.861 80.9545
-17.9161 497.26 81.5846
16.9053 490.112 79.1934
-110.184 520.288 80.0963
-49.1619 533.475 82.5099
34.047 509.33 79.8348
39.9148 510.693 78.8132
76.9548 516.912 80.6635
79.3193 530.648 81.6993
83.4574 522.973 80.6651
85.2006 551.272 112.58
188.217 531.126 92.023
209.119 496.943 77.5511
65.1931 541.469 -110.088
-199.995 500.965 -101.007
-197.566 500.764 -101.549
-187.523 499.173 -100.805
-158.006 509.28 -103.472
-16.128 528.807 -107.277
31.4475 533.072 -108.208
-176.474 518.179 -110.006
-145.748 534.282 -112.938
-134.565 532.828 -112.564
-100.014 533.354 -112.208
-11.8882 553.448 -121.45
-55.3593 528.513 -120.928
-102.703 542.857 -127.716
-31.0906 545.284 -128.369
-29.8975 539.393 -126.542
-10.8066 547.644 -128.966
67.9851 530.519 -108.978
87.2668 504.316 -102.938
206.795 520.395 -105.303
199.282 508.014 -107.463
202.707 508.272 -108.375
108.479 532.929 -116.756
144.202 534.232 -116.929
190.776 523.913 -115.878
186.459 527.506 -109.897
196.991 524.961 -108.038
197.194 518.967 -106.912
196.65 522.87 -117.04
-119.188 522.392 -105.117
-204.413 501.342 -103.091
-128.495 535.573 -116.551
-195.439 415.195 -47.2483
-170.939 437.726 -49.9631
-161.578 464.326 -53.367
-134.212 452.448 -52.1853
-76.1589 552.683 -62.7995
-62.6312 526.703 -61.2493
-35.2868 496.169 -57.2433
-4.14205 463.3 -52.8294
15.4349 498.522 -57.5513
41.4237 537.278 -61.8663
41.4305 450.497 -51.2952
51.3504 443.919 -51.3532
75.9564 520.665 -60.3155
113.172 518.127 -59.7622
118.413 472.824 -53.3829
-224.332 448.888 -55.3345
-181.421 473.155 -57.8813
-157.903 445.581 -54.5317
-149.126 522.008 -62.8278
-42.1114 524.329 -64.8943
-33.8995 498.401 -60.8731
-30.1797 491.927 -59.6628
-1.60477 505.676 -61.0686
61.319 547.273 -67.7932
63.7223 450.949 -55.3922
71.877 505.019 -61.9737
69.4865 475.523 -58.3907
105.194 553.676 -66.9904
124.335 533.502 -65.8851
115.088 469.99 -57.9047
-215.364 449.527 -58.6891
-143.247 465.549 -59.4974
-138.386 527.942 -69.059
-114.25 450.364 -59.106
-114.256 450.852 -59.1123
-114.203 453.075 -58.7397
-102.467 449.706 -58.3471
-77.333 528.762 -68.6289
64.9945 532.805 -68.8176
67.5475 526.106 -68.6991
76.2162 501.403 -64.3525
79.0619 515.415 -67.7463
79.9404 519.467 -68.2052
124.113 512.402 -66.3514
124.295 512.166 -66.0811
-250.34 490.689 -68.3782
-181.608 426.161 -57.9917
-160.125 541.903 -73.6257
-130.172 504.635 -68.7165
-103.862 506.626 -68.7047
-88.9101 518.347 -71.068
-84.9484 530.956 -72.4538
-46.0389 528.593 -73.3537
1.02061 504.738 -69.7012
69.3132 532.298 -73.2712
84.3008 519.569 -70.6258
84.8088 520.313 -70.9141
141.978 513.809 -70.0031
-275.609 477.522 -70.1689
-252.734 439.6 -65.1638
-259.482 485.263 -70.3843
-211.684 483.052 -69.6528
-142.114 482.325 -70.4644
-67.284 534.162 -76.5728
-3.35192 540.944 -78.7268
26.3594 486.905 -70.6422
31.004 532.201 -77.1321
-128.767 496.767 -75.8881
-0.550291 501.571 -77.1742
13.5114 496.313 -75.0698
31.0746 530.666 -81.2375
33.2253 504.59 -77.4723
36.2187 505.219 -76.4029
67.6231 497.428 -74.8982
67.7954 455.16 -69.9318
85.9162 497.035 -76.3576
105.759 554.966 -83.6642
-261.883 474.028 -75.2082
-238.981 445.143 -69.4328
-228.298 495.581 -77.6837
-200.555 532.203 -84.117
-86.3271 530.628 -83.6633
244.84 465.431 -72.4956
-271.849 473.347 -78.3835
-197.03 531.767 -89.074
-193.633 527.924 -88.0677
-139.545 522.668 -86.4093
-96.3066 488.034 -81.2832
-59.9185 530.811 -89.3616
-49.3283 487.235 -81.1947
-11.809 508.421 -85.6629
-8.42645 508.999 -85.5481
68.1384 499.105 -83.4623
76.2031 507.536 -83.9682
83.114 477.824 -79.9036
159.82 504.49 -84.4815
197.45 517.103 -85.3752
188.877 494.117 -81.5649
174.768 453.178 -75.8413
301.115 475.52 -79.2943
-257.859 481.809 -83.5971
-190.364 523.33 -90.6566
-152.007 472.385 -81.708
-160.287 535.355 -93.0818
-104.534 479.273 -83.9901
-103.168 478.749 -84.0343
-101.581 474.313 -83.0486
-102.834 480.243 -83.9708
-57.3706 482.328 -84.3383
-19.7896 509.892 -89.5066
62.8996 494.013 -86.2525
62.1554 493.176 -86.3217
65.5639 502.481 -87.962
86.6915 502.207 -86.7465
103.613 498.372 -86.6005
127.589 532.628 -92.6128
119.782 480.164 -83.6549
166.241 506.182 -88.1983
285.324 486.104 -84.3457
293.996 482.465 -83.2538
-171.128 509.677 -92.4233
-169.382 514.293 -94.4736
-96.8106 544.76 -99.7097
-51.9142 551.405 -99.7836
30.3966 551.766 -101.268
52.8128 527.023 -95.7113
64.8089 492.19 -90.5199
101.688 524.646 -94.8519
124.885 532.297 -97.8374
128.359 539.907 -98.4781
126.978 528.324 -96.166
190.44 511.858 -92.4252
228.428 484.56 -89.2459
-241.969 478.34 -90.6634
-20.1763 513.405 -98.2965
20.356 492.63 -92.784
64.7976 498.505 -93.9302
77.7445 512.313 -96.8818
182.857 500.548 -94.8838
-119.461 502.76 -99.386
-168.456 528.394 -82.1781
-29.5228 560.631 -87.8073
-0.552069 508.858 -78.7413
49.0901 500.477 -77.2566
59.1115 493.808 -76.5432
63.9241 499.827 -77.0264
67.4368 499.091 -77.1446
67.8716 501.724 -77.7502
68.387 444.915 -69.7763
89.5867 515.673 -79.6619
104.122 546.301 -84.1311
145.049 520.598 -81.621
187.227 496.7 -77.4946
-149.346 515.997 -83.7921
-93.6191 498.445 -80.8228
-90.5287 504.269 -82.2843
-59.0767 550.77 -89.7985
45.2237 508.132 -82.4172
69.1283 499.602 -82.3612
98.5845 494.935 -81.0743
132.903 539.361 -88.1219
158.229 542.65 -89.024
159.512 504.039 -81.2376
159.445 503.525 -81.3242
167.77 504.108 -81.0518
291.389 476.34 -77.0192
-226.266 477.926 -80.3564
-194.044 512.81 -87.4367
-196.427 526.065 -88.7916
-191.522 523.381 -89.2179
-134.732 497.201 -84.7648
64.781 493.672 -83.8744
65.7339 496.546 -85.3695
73.4158 503.148 -85.4977
75.7212 518.267 -87.9402
76.1158 509.805 -87.6847
75.5971 501.599 -84.6259
76.8086 500.286 -86.183
78.492 507.216 -85.5693
86.8114 512.393 -87.5515
91.5104 512.372 -86.5511
100.374 494.998 -84.2353
101.09 495.709 -84.635
117.701 518.32 -88.86
118.281 459.623 -78.2483
294.978 474.802 -79.7263
304.547 476.403 -80.157
-247.185 486.461 -86.0303
-168.21 508.827 -90.8087
-170.26 515.596 -90.9844
-166.478 511.264 -90.5276
-151.211 470.649 -84.3943
-164.494 536.779 -96.6025
-129.137 469.738 -84.1116
59.1568 528.742 -95.2302
103.167 494.616 -87.6612
116.383 514.247 -90.6989
133.598 496.778 -88.032
-152.795 522.276 -96.9401
-119.032 501.236 -93.8155
0.898975 538.968 -99.2021
65.1839 496.217 -92.2742
108.999 514.866 -95.5592
119.829 527.693 -97.3791
126.158 537.95 -99.4461
117.263 483.157 -90.2273
192.698 514.281 -95.515
199.276 502.983 -93.6851
-266.395 497.13 -98.0474
-207.507 521.517 -101.711
-135.302 483.707 -92.9346
-79.1073 505.686 -98.6188
51.3849 487.131 -93.3248
128.163 538.388 -104.181
141.849 499.289 -96.9186
131.666 467.546 -52.4562
145.861 498.678 -55.6292
127.934 512.892 -59.8198
127.008 459.68 -55.1248
167.067 457.179 -54.5702
242.684 497.673 -58.9396
246.767 469.795 -54.4722
116.592 472.401 -59.0134
170.361 454.091 -56.6954
149.757 514.418 -68.0897
190.797 487.971 -64.7343
262.807 459.615 -61.1306
171.357 489.822 -69.6333
234.848 479.669 -68.9915
248.457 475.839 -66.7126
257.848 476.042 -67.1212
261.515 469.089 -67.7458
221.376 500.923 -76.1502
236.752 482.457 -72.9794
278.933 469.624 -55.2316
274.412 408.462 -46.4756
325.493 460.393 -52.9175
278.058 469.739 -58.0163
278.608 467.307 -58.8835
278.713 465.697 -57.7125
309.592 468.945 -63.2319
311.018 450.96 -64.8448
250.801 511.455 -58.1021
140.132 428.998 -52.6999
155.898 420.263 -51.5808
277.261 453.248 -55.5191
195.581 483.208 -62.5665
275.516 470.653 -60.9315
273.02 445.318 -57.6709
291.978 474.005 -61.1951
333.627 446.695 -58.1252
181.837 444.448 -61.1296
240.922 477.084 -66.3754
249.203 472.32 -65.936
256.167 471.795 -64.8967
256.299 471.614 -65.6438
262.667 472.734 -64.3569
293.389 480.592 -67.3257
285.773 464.615 -64.7967
285.159 463.172 -64.8439
248.8 474.292 -69.3864
247.498 471.885 -68.519
295.626 449.212 -65.1843
204.395 438.218 -66.9991
-147.702 466.025 -52.0783
-66.1787 529.459 -59.4281
-41.7836 499.744 -55.2043
-128.878 433.618 -51.9068
-76.009 544.782 -63.9573
-34.6552 512.482 -61.3577
-32.8983 501.752 -59.746
5.33657 496.672 -58.8044
10.7646 561.897 -65.8954
43.9275 538.941 -64.1174
50.8448 505.006 -59.0785
79.4457 525.003 -62.2423
-131.707 458.281 -58.5144
-126.66 450.248 -56.0944
-75.8645 517.899 -66.18
41.3989 453.027 -57.7281
51.2253 541.53 -68.4093
53.431 541.757 -67.9636
59.4573 541.264 -68.1611
64.7166 550.632 -69.3631
-196.051 514.412 -67.9791
-122.267 424.395 -56.5995
-87.9075 425.1 -56.7851
20.963 551.573 -74.629
25.8209 554.045 -74.3861
48.094 541.699 -72.7812
61.9822 498.435 -66.3511
62.623 502.162 -67.0252
73.9657 502.949 -66.9458
-144.838 526.385 -73.4433
-111.525 450.459 -64.4384
-18.2515 445.854 -62.3554
14.3599 497.533 -69.8853
14.1502 489.87 -68.8188
39.7043 544.601 -76.9717
39.1572 537.034 -76.2521
60.5641 496.8 -70.1506
74.4906 439.017 -61.5039
94.8643 551.444 -77.939
-168.703 530.664 -79.4436
-138.354 483.771 -72.9546
-129.243 500.056 -74.7622
-42.066 490.691 -73.6789
-41.6969 488.347 -72.6188
13.6779 492.336 -73.5594
35.6347 499.245 -75.0267
50.6351 503.606 -74.1033
51.5288 450.131 -67.5392
62.3928 497.788 -73.9628
68.3591 497.355 -74.7523
-126.023 539.139 -36.3334
-116.092 531.172 -35.5969
-115.46 530.455 -36.3795
-108.116 527.739 -36.2236
-65.4801 558.956 -37.91
-30.4068 556.177 -38.1576
-27.1938 554.365 -38.0981
-15.98 484.026 -31.9753
-122.377 530.633 -40.2039
-68.2832 452.515 -33.6759
-38.9371 501.415 -38.009
-26.4251 511.52 -37.4074
-15.4605 531.326 -40.029
-134.732 533.585 -43.674
-51.902 558.099 -45.6109
-29.9907 500.325 -41.67
-24.5322 436.518 -35.0931
-135.165 534.286 -46.7872
-104.744 522.907 -46.4405
-94.1946 470.932 -41.4033
-93.5078 548.813 -49.5006
-46.7348 491.516 -44.1859
-51.3911 562.456 -50.1725
-1.56546 488.439 -43.0785
8.15554 527.263 -46.6834
9.37724 529.306 -46.3799
9.71413 522.519 -46.0667
11.7279 523.185 -50.9108
-152.628 546.237 -53.9903
-112.39 523.859 -51.0626
-84.798 450.798 -44.5058
-94.5997 522.803 -51.618
-51.1452 485.289 -47.1325
-36.1521 539.104 -52.6111
1.54922 488.581 -47.3682
3.04365 534.529 -51.0153
10.8043 477.427 -48.998
-136.679 490.825 -51.7936
-138.544 499.588 -52.7855
-77.2141 438.085 -46.4238
-47.3038 505.752 -53.3438
8.43201 476.086 -50.0802
29.6486 481.418 -36.4024
31.3258 481.407 -35.3789
109.732 538.795 -40.0795
104.463 480.123 -36.0565
138.688 455 -33.1752
245.678 465.563 -33.4083
234.07 437.866 -31.5713
249.166 457.741 -32.934
101.838 481.461 -39.2687
103.401 480.805 -38.5097
109.289 483.693 -39.5101
142.021 482.434 -39.5046
152.049 474.52 -38.8173
154.292 480.378 -39.2976
244.738 449.14 -36.6133
295.949 467.846 -37.1838
300.029 429.368 -35.4052
14.1074 517.294 -45.6009
23.7262 502.926 -44.5083
36.9119 452.234 -39.6652
38.2777 459.417 -40.6776
38.4402 456.527 -40.9123
55.4147 520.525 -45.6539
55.1938 514.025 -45.2307
70.1356 526.684 -46.5931
70.1557 486.727 -43.4081
118 554.488 -48.8207
173.259 539.952 -48.1406
189.167 528.187 -47.3791
218.934 448.394 -40.4773
226.004 437.455 -39.7453
252.357 481.353 -42.2701
234.057 439.97 -38.8441
259.583 468.354 -41.0371
261.801 468.65 -42.1738
299.404 471.532 -42.4943
276.19 423.813 -38.635
320.538 470.887 -42.1247
22.9961 504.835 -48.1476
75.7109 444.634 -42.9923
86.2355 501.493 -48.8206
108.924 539.224 -51.2709
137.088 550.409 -52.4729
118.512 442.639 -43.1293
139.129 485.189 -47.2474
142.686 486.219 -46.5501
176.469 519.988 -51.4903
275.274 461.161 -46.2823
41.084 452.554 -47.4452
135.948 476.771 -50.0672
142.275 491.409 -52.1098
126.845 438.234 -46.0467
147.082 470.568 -49.9684
255.919 491.869 -51.5258
264.993 469.96 -49.7508
-116.515 531.75 -36.6375
-110.773 527.575 -37.0309
-0.851373 541.57 -37.5411
28.7264 478.837 -34.5908
29.0292 478.515 -33.7682
32.3974 484.75 -33.5655
32.3039 479.596 -34.6051
58.6262 542.127 -39.0434
97.4296 473.678 -33.1074
-118.288 517.212 -40.7378
-96.3855 526.104 -41.1711
-76.6015 538.47 -41.144
-62.3154 557.899 -44.5259
23.1974 495.029 -39.1644
36.3772 487.318 -39.0146
108.098 483.605 -38.4361
130.516 554.618 -42.8548
156.739 480.863 -37.3738
157.816 437.958 -33.6023
-136.666 456.531 -38.5037
-134.972 532.856 -46.5512
-119.711 530.159 -45.6786
-94.5626 526.158 -44.3716
-72.436 450.354 -38.9052
-82.6868 534.749 -45.762
-65.3959 488.586 -41.2956
-71.6942 536.134 -45.3411
-49.8771 563.006 -47.4557
9.23316 529.542 -46.2304
11.9955 520.335 -44.3997
-72.2983 534.707 -49.9497
-45.1306 508.686 -47.9609
-30.5964 548.332 -51.7937
-4.21769 492.949 -46.4795
-0.299664 483.189 -44.6355
6.9398 557.434 -50.9156
156.503 547.728 -52.0323
152.851 479.609 -45.5036
159.721 445.938 -41.0319
158.73 416.137 -39.3345
-146.83 482.884 -47.8911
-55.0755 490.945 -48.4932
-47.4354 502.929 -49.861
-41.4163 536.338 -53.6847
-18.4025 561.046 -56.5508
1.32045 556.513 -55.1405
1.46051 536.859 -53.6641
1.73209 562.343 -55.4518
7.07145 483.3 -49.3277
15.695 476.318 -47.3612
67.1768 487.177 -49.0103
77.8942 453.11 -45.1807
-144.138 467.071 -50.2592
-43.9375 499.191 -53.9913
-30.9597 500.762 -54.4821
11.8363 519.627 -56.8232
54.3194 495.07 -53.2101
77.566 447.698 -48.3745
90.6367 454.851 -48.3924
130.96 540.501 -57.5993
138.544 471.488 -51.1276
143.28 476.455 -51.0506
232.831 482.981 0.86176
235.591 488.167 0.803594
-66.2553 515.444 -12.4535
0.568776 496.088 -11.5534
28.7712 477.794 -10.9494
169.194 479.639 -11.1424
206.765 511.818 -11.2724
-44.1709 523.761 -15.7379
-0.250367 496.986 -15.4316
35.8354 472.924 -15.3482
38.4195 478.923 -15.0602
114.438 531.686 -16.8531
156.521 506.041 -15.5203
282.839 477.244 -14.3456
288.225 475.517 -14.6298
-54.9622 553.837 -21.677
4.6543 532.964 -20.7023
7.63117 477.343 -18.1241
29.0255 563.626 -22.2497
31.2648 565.501 -21.1335
29.603 477.076 -17.8024
41.4863 442.244 -17.2172
153.823 516.846 -19.8743
184.023 538.872 -20.9428
291.258 470.318 -17.9136
280.779 428.078 -16.3659
-55.272 559.079 -26.3827
-0.500886 497.154 -22.4673
-0.452878 493.477 -22.5817
33.1823 439.136 -19.3118
41.6656 485.83 -21.4151
154.984 482.144 -22.1241
222.486 528.569 -23.9849
187.558 417.005 -19.0884
237.762 507.135 -23.6245
248.068 418.2 -19.8649
-58.3452 562.116 -30.741
32.2954 476.075 -24.2936
93.9686 522.544 -28.5778
109.397 499.508 -26.4552
125.053 467.538 -24.5858
324.268 465.259 -24.5396
-69.884 545.536 -33.084
-69.9089 557.492 -33.0148
-63.94 560.017 -34.6184
-59.2278 552.593 -32.5585
-56.612 543.489 -32.3702
-35.8541 553.97 -34.1374
64.1562 495.944 -30.1963
131.067 483.043 -28.8889
145.979 456.476 -28.2037
190.491 462.077 -28.5798
268.215 451.203 -27.6411
14.65 537.278 -14.0233
14.0506 482.977 -12.6193
20.918 482.197 -12.4641
190.145 483.059 -13.3036
265.828 484.845 -12.1254
250.468 448.746 -11.5257
269.511 459.232 -11.1429
54.4075 562.571 -19.8046
122.322 479.79 -17.2497
195.724 471.581 -14.9996
196.657 470.278 -15.0832
225.942 418.337 -13.8349
227.147 420.259 -13.1984
209.283 382.996 -11.9869
289.827 479.278 -14.9525
290.167 472.63 -14.839
48.2674 443.644 -18.4161
56.4883 432.899 -18.2963
85.1022 461.424 -18.6731
112.194 472.017 -19.0995
174.958 400.161 -16.4959
229.554 499.889 -21.1892
268.775 456.63 -18.8396
255.987 413.922 -16.2922
50.3631 562.597 -28.117
62.4012 553.973 -27.63
83.1376 544.188 -26.5197
84.1465 549.607 -26.7329
70.5436 454.171 -22.1078
108.7 473.902 -24.1486
173.99 536.242 -25.6772
164.821 408.613 -20.3711
226.197 509.598 -24.7132
25.1466 482.01 -26.7302
53.1413 556.189 -32.1433
62.1824 527.164 -29.7175
100.064 541.087 -30.8682
166.476 437.939 -24.6294
206.524 504.844 -29.6713
173.52 421.514 -24.471
214.365 419.39 -24.575
245.767 454.309 -25.8851
243.961 450.075 -26.2352
275.298 481.352 -27.8387
304.753 470.586 -28.2105
34.8628 529.038 -33.087
58.8692 499.702 -31.1983
64.7962 528.122 -34.0368
64.2686 441.78 -27.6599
218.156 507.397 -32.3671
273.892 443.228 9.29688
304.402 477.749 9.57132
246.063 487.75 4.76222
269.712 464.818 4.72748
269.93 464.533 4.77644
285.495 445.364 4.74425
278.745 463.086 0.786246
295.731 432.511 0.433539
295.086 485.741 -3.1104
277.808 453.862 -3.18198
294.631 450.612 -2.32523
291.548 482.592 -8.07693
265.05 469.754 -10.0372
272.587 454.72 -9.85816
-243.462 493.186 -58.5278
-277.788 441.887 -55.3721
-275.16 491.163 -61.5959
-216.216 483.77 -61.6039
-174.44 448.703 -60.2728
-270.332 478.815 -68.6792
-213.112 483.872 -68.1883
-213.451 485.737 -68.6083
-173.35 436.091 -61.6477
-301.954 456.609 -68.7236
-221.13 443.901 -66.996
-222.679 448.739 -68.0436
-227.381 511.665 -39.758
-186.005 477.805 -37.1773
-184.326 479.354 -36.8894
-181.415 524.594 -39.9384
-253.412 509.845 -43.3598
-230.56 507.952 -44.1208
-224.023 500.595 -42.7159
-217.687 489.961 -41.5986
-177.682 444.694 -38.5035
-186.132 477.009 -39.9951
-200.108 421.478 -38.8756
-194.323 416.676 -38.5617
-221.712 464.487 -50.3752
-188.168 420.957 -45.587
-184.579 428.158 -46.7805
-161.87 452.353 -48.9147
-169.719 442.874 -29.1023
-228.417 457.608 -33.7919
-229.274 461.626 -33.3841
-211.831 533.238 -40.3038
-171.61 468.65 -34.3341
-202.123 425.373 -35.188
-205.555 438.469 -36.226
-180.446 400.731 -32.3912
-155.305 483.304 -39.6328
-154.396 486.352 -39.4568
-152.435 480.678 -38.7822
-204.527 412.782 -36.1754
-213.258 489.155 -42.9411
-163.653 471.963 -42.6691
-158.864 439.656 -43.2538
-166.541 469.666 -46.203
-279.022 439.277 -47.6065
-197.787 439.703 -46.0267
-163.055 454.078 -48.3715
-241.724 446.913 -10.6094
-256.683 482.866 -12.8794
-186.821 406.077 -10.4096
-106.075 543.028 -13.662
-62.108 554.853 -15.9257
-41.1215 522.871 -14.181
-23.8239 439.139 -12.0092
-236.56 442.374 -15.4909
-233.145 441.295 -14.1748
-233.128 443.776 -14.7369
-237.501 452.301 -15.3315
-230.137 440.536 -15.1281
-220.95 428.37 -13.6871
-219.004 426.519 -14.2946
-190.321 434.586 -14.6565
-187.888 430.659 -14.4502
-228.245 523.857 -18.6397
-87.6835 527.183 -18.9189
-49.9966 506.924 -17.8529
-284.803 478.966 -19.1016
-227.194 444.403 -18.0857
-226.452 445.539 -17.961
-227.601 449.03 -18.6717
-183.527 416.107 -16.6177
-188.332 428.303 -18.4829
-99.2852 492.663 -21.4256
-62.706 515.278 -21.5195
-244.201 436.577 -22.2966
-233.554 441.707 -22.7359
-192.96 413.808 -19.7981
-179.224 417.578 -20.2135
-178.1 415.777 -20.3524
-175.334 414.926 -20.3837
-168.766 418.633 -20.5942
-169.538 422.274 -21.5013
-157.92 408.512 -20.6676
-152.533 440.869 -22.1472
-101.956 460.47 -22.262
-78.699 515.684 -26.1592
-64.7446 517.175 -25.9292
-71.1162 545.131 -29.8747
-201.511 427.224 -24.5808
-181.476 422.686 -23.5193
-184.754 444.195 -25.7676
-188.833 481.753 -28.5767
-186.888 483.062 -28.043
-151.423 478.303 -26.5007
-142.122 452.462 -26.0038
-141.185 464.94 -26.4028
-101.601 428.049 -24.0293
4.16253 537.026 -31.3242
-189.318 477.383 -30.7887
-172.155 482.81 -30.8822
-124.597 538.904 -35.1809
-67.3869 473.495 -30.3246
-66.5795 557.691 -34.7843
-61.839 556.9 -35.9574
-60.1974 563.959 -36.534
-18.3789 493.234 -31.3234
9.92734 547.12 -34.9271
9.52791 511.497 -32.0505
-238.097 441.795 -9.86761
-194.572 437.041 -9.90673
-102.792 532.931 -11.7566
-91.8825 533.646 -11.9509
-58.2644 446.556 -14.2308
-227.824 441.611 -12.5247
-184.049 403.067 -11.1634
-189.042 497.286 -14.8838
-185.39 494.165 -15.0486
-184.038 490.696 -15.2975
-113.759 492.745 -15.6541
-88.3859 452.391 -14.3354
-90.8088 520.365 -16.1851
-74.9638 478.215 -14.8962
-85.1105 543.309 -17.3131
-256.246 460.251 -16.235
-228.313 438.21 -16.0766
-200.618 411.289 -14.9186
-203.411 428.243 -16.5269
-199.789 424.089 -16.1877
-199.593 426.976 -16.3363
-186.176 419.566 -16.4795
-120.856 495.165 -18.0337
-97.0611 527.174 -19.1978
-88.6015 540.365 -21.3571
-87.7741 557.594 -21.278
-214.052 408.177 -19.3123
-225.121 444.76 -20.154
-189.198 430.243 -18.9995
-171.137 416.258 -19.6752
-100.644 529.836 -23.3186
-70.6798 527.879 -24.6668
-298.794 474.369 -26.7408
-247.279 442.741 -23.3386
-226.675 447.452 -25.0049
-191.425 458.476 -25.2418
-106.577 452.162 -23.676
-86.9737 546.361 -28.8941
-72.1319 473.449 -25.0325
-211.942 500.859 -31.1905
-200.369 503.129 -30.213
-171.131 530.925 -32.2052
-166.227 532.503 -32.2143
-108.849 529.536 -31.3656
-75.2682 469.155 -28.2959
-79.468 510.818 -31.4218
74.6987 474.655 9.93086
120.658 470.524 9.82536
143.654 450.616 8.95686
151.091 448.553 9.21729
151.949 449.285 8.74622
107.652 536.332 6.37577
137.662 531.347 7.88256
191.736 410.498 1.84753
220.69 408.371 1.9205
108.52 448.032 -0.477053
105.445 430.84 -0.328214
193.236 412.438 -0.952926
230.435 413.926 -0.093462
267.254 464.383 -0.788003
78.8673 524.335 -4.2523
104.348 494.168 -4.65709
217.707 522.161 -5.60566
265.229 464.636 -4.56161
277.75 449.404 -4.9011
294.869 424.802 -3.80662
60.5733 453.284 -7.94569
61.087 456.811 -8.12441
131.541 446.575 -8.42005
185.137 459.385 -7.41099
219.816 487.149 -8.79511
257.416 457.11 -8.21189
272.77 451.691 -8.21977
280.437 441.808 -9.56094
294.696 423.577 -7.90165
-226.773 484.033 9.06
-203.406 462.721 8.2147
-120.998 503.81 8.30116
-120.155 502.279 9.34333
-59.1296 540.058 8.71602
-37.3655 461.14 6.79889
-14.849 502.415 7.67579
22.6575 535.562 8.35896
42.1289 483.297 8.66565
46.8175 462.41 6.98102
46.9344 462.728 7.02025
137.247 529.902 8.50848
133.566 464.231 7.49485
-252.309 440.694 4.82517
-221.833 484.131 4.74274
-218.176 491.273 3.98123
-211.092 493.584 5.42181
-191.24 462.426 4.62661
-165.397 441.341 3.84513
-152.144 463.499 3.76224
-152.125 540.846 4.26886
-113.081 505.327 5.36039
-106.203 512.521 3.89081
-102.924 502.739 3.9527
-71.4959 527.962 5.65999
-20.7367 498.702 5.10335
-20.5059 502.755 4.38154
-18.4381 505.939 4.76177
-16.3545 502.199 4.23648
-7.41444 490.78 5.10609
-5.57297 501.916 4.44104
32.8293 488.237 4.67095
54.6644 490.725 4.87944
75.48 482.353 3.74908
80.9851 446.72 4.91632
107.768 533.811 4.87858
-250.843 443.361 0.11122
-216.26 404.039 1.26938
-222.335 468.142 1.60603
-235.21 495.482 0.358875
-205.56 442.29 0.32938
-210.979 462.653 1.00613
-169.198 404.973 0.140118
-154.735 466.538 1.51818
-162.673 529.914 0.066702
-102.298 437.045 0.583334
-103.88 516.552 1.36448
-79.3627 539.611 1.2003
-19.7405 468.853 1.08481
-15.5534 500.873 0.933145
33.5184 479.752 0.43319
103.873 536.743 1.15754
-225.409 402.513 -2.29398
-196.813 433.971 -2.37756
-195.277 430.96 -2.69722
-198.055 534.353 -2.23466
-8.00089 501.438 -3.1822
26.2855 481.311 -3.1507
-236.969 446.1 -6.12435
-198.043 407.64 -6.01309
-180.606 440.707 -6.39467
-211.379 516.578 -7.44054
-171.725 486.654 -5.74446
-170.196 488.423 -6.02084
-108.896 449.732 -5.65671
-108.978 450.803 -5.61229
-83.7752 541.589 -6.30151
-54.0646 475.297 -6.89112
-50.0281 526.342 -6.58837
-40.4301 451.179 -5.3826
8.58032 513.145 -6.18504
10.0419 514.096 -6.52302
68.4959 556.031 -8.12305
80.5174 498.431 -6.62934
-208.625 410.998 -8.59156
-108.557 520.209 -11.1068
-109.534 537.337 -10.4661
-89.8185 522.248 -9.76246
-88.383 519.259 -10.9189
-86.002 519.954 -11.0973
-76.8011 479.476 -10.1655
-64.9596 476.373 -10.115
1.18095 495.979 -9.67712
9.23341 507.613 -10.2224
129.999 505.319 -10.9343
135.853 456.075 -8.95676
-66.9669 539.154 11.357
30.7029 511.43 11.1125
45.3983 494.916 10.2739
46.8937 488.126 9.41349
-188.914 497.424 5.87702
-186.418 494.637 6.42544
-133.061 500.55 6.53287
-119.958 529.619 6.21758
-111.421 527.819 6.13812
-107.332 529.138 6.45083
-90.0321 560.939 7.79323
-66.1209 540.44 7.96406
-55.6884 518.5 6.75703
-22.8548 498.98 5.67946
-158.121 464.551 2.14823
-156.166 539.138 2.8689
-138.312 498.467 2.54141
-106.551 528.621 3.1252
-101.803 526.358 2.31166
-88.5229 520.943 2.48872
-12.9236 504.443 2.03615
4.94046 525.093 3.46093
15.6417 516.805 3.08538
31.2271 490.084 3.39835
50.3973 466.073 2.30147
-122.058 532.406 -1.59189
-122.229 554.49 -0.002197
-91.4976 482.173 -1.07014
-82.9388 475.666 -1.45744
-85.4759 518.975 -0.270956
-57.6951 477.214 -0.380417
-0.221089 496.508 -1.81487
0.796748 495.696 -1.17218
-114.773 448.533 -4.33473
-92.5032 500.798 -5.26362
-90.4832 500.326 -4.68411
-91.7824 518.325 -4.71728
-11.6549 501.802 -4.56657
25.1989 482.961 -4.88573
45.4981 450.279 -3.56672
-112.004 541.255 -9.02797
-84.4121 543.647 -8.66771
-69.2455 502.979 -9.13674
-48.1391 442.309 -7.10891
49.5569 459.111 -8.03035
-208.008 410.394 8.74568
-203.154 462.999 6.94836
-211.72 494.949 6.09649
-212.246 506.198 7.19683
-246.398 504.416 2.8263
-218.302 402.893 -0.319378
-213.279 463.084 -0.640275
-239.034 441.376 -9.0885
-235.136 442.962 -7.94169
-196.138 409.838 -7.21474
-241.819 500.771 31.7145
-222.667 506.47 31.2054
-207.366 505.443 30.1903
-181.885 515.68 30.6685
-178.81 528.849 31.341
-128.025 523.427 31.0408
-129.103 529.582 31.8054
-114.143 504.898 31.1115
-77.7252 531.611 31.4957
39.1294 561.957 33.1336
41.2583 554.146 32.4855
86.9957 549.489 33.6144
88.0349 547.032 32.6948
187.416 514.705 31.94
210.559 528.958 32.1218
216.567 528.787 32.2018
199.356 480.644 28.8075
219.891 503.372 31.9446
219.573 496.478 31.283
270.891 474.335 28.9121
-267.616 435.572 24.0418
-262.088 437.941 23.761
-228.917 402.898 21.0341
-165.932 464.271 25.5616
-172.053 542.242 29.5779
-142.342 489.315 26.5485
-139.992 530.801 28.5738
-128.758 506.435 26.8146
-58.9592 464.007 25.0981
1.1085 529.473 27.1974
1.68831 515.725 26.5932
33.8877 550.439 28.6565
55.2824 490.198 26.0608
71.7606 544.637 28.3333
134.395 489.081 26.0923
157.386 501.836 26.9933
150.545 458.803 24.6043
150.866 457.588 25.258
209.882 527.755 28.2155
271.361 434.183 23.1326
-185.869 520.588 23.588
-180.434 524.749 24.1791
-179.918 530.341 24.1709
-73.7449 528.359 23.1656
-16.9044 445.334 20.088
43.3617 531.444 23.3108
74.2893 544.248 23.9484
97.0511 552.275 24.8407
96.8568 549.524 24.6653
98.8975 558.842 25.4993
-237.34 520.651 20.3515
-175.009 449.012 17.6056
-198.644 509.952 19.8812
-135.459 502.143 18.9461
-110.253 509.71 20.0905
-80.6791 533.923 19.3987
-77.7195 533.199 21.0541
-54.8013 531.243 19.5175
-30.094 459.413 17.1829
40.454 527.923 19.9768
55.2918 496.365 19.3959
118.924 457.036 17.58
163.344 479.985 18.7703
232.068 479.979 18.0285
265.784 503.518 19.3811
265.499 469.422 17.6756
266.769 455.793 17.4605
-224.425 486.345 14.8702
-222.169 482.722 15.1105
-211.461 495.339 15.0699
-159.363 435.144 13.2599
-150.888 450.079 14.2408
-43.695 463.317 14.6028
-23.6357 446.395 14.4219
3.53923 514.613 16.498
40.8733 521.845 16.0765
54.6838 492.502 15.5894
134.798 472.559 14.2398
128.876 442.911 13.4609
215.374 475.679 14.1739
234.661 490.404 13.6971
237.668 495.142 13.794
200.575 413.614 12.6433
-211.609 492.53 11.6531
-211.823 494.038 11.318
-152.55 410.59 9.38907
-135.582 467.442 10.5157
-147.106 517.455 11.5468
-81.7589 531.826 12.7259
-3.7981 509.836 12.3342
119.159 463.166 11.3673
120.011 466.424 11.0038
119.257 431.116 10.6231
-164.219 466.727 30.0539
-211.963 507.756 28.4039
-187.851 495.74 28.959
-165.626 464.08 26.514
-240.571 498.018 20.1632
-235.867 497.586 21.5155
-188.703 518.68 22.1277
-257.291 445.839 15.6889
-243.705 499.259 15.9344
-279.685 459.194 12.0678
-228.949 508.368 12.8741
-201.048 450.748 10.9771
-218.381 500.548 12.8068
203.082 514.951 33.5462
178.554 458.482 26.1665
195.11 469.443 27.8703
204.085 449.565 26.1715
195.541 429.458 24.9263
221.077 429.324 25.2552
313.298 471.995 28.4601
192.6 435.835 22.0595
211.746 465.393 22.815
265.26 500.628 25.6693
186.373 467.659 19.5837
185.462 395.902 16.5382
221.556 524.565 18.0756
229.999 481.111 15.1787
199.076 411.182 12.9645
206.418 474.981 11.7103
212.969 475.753 11.2689
194.31 409.767 10.0553
-137.716 542.864 34.0062
-121.856 529.526 34.1635
-75.006 467.008 29.216
-82.3065 532.769 34.3092
-78.7363 533.571 34.4589
-65.6059 462.202 29.7543
-40.6474 539.999 34.6931
-9.48424 534.402 33.2249
-6.55834 462.925 28.8453
49.2863 482.244 30.3052
71.605 499.512 32.152
72.761 493.884 30.8824
92.471 521.209 33.1671
85.7295 453.77 29.6229
85.74 452.972 29.4008
-131.705 510.335 29.9787
-59.01 464.158 25.7386
53.6591 497.97 27.8561
54.87 506.878 28.6007
55.1648 489.292 27.8765
69.5559 466.167 26.9348
78.7447 499.145 28.1006
97.2887 548.528 30.1365
-180.335 523.432 26.5055
-97.9549 431.479 20.5557
-74.0619 468.41 22.6251
-67.1271 524.179 25.3876
-34.9033 448.551 22.6929
19.1181 503.067 25.1214
66.2013 499.211 24.1589
74.9726 489.817 23.6099
86.3592 504.539 24.0358
-157.41 460.407 19.2482
-147.284 432.514 18.1708
-116.345 520.212 21.4326
-91.8638 536.076 21.6856
-62.4067 529.033 21.7975
-38.1477 512.214 22.1351
-22.7066 439.161 18.3327
55.8289 496.968 20.8766
-86.681 532.233 18.1323
-54.826 522.197 17.4922
29.9509 497.837 17.3466
53.4927 491.363 16.3119
-132.665 466.676 11.5832
-86.8791 533.833 14.8057
-84.4273 539.269 14.6598
-59.854 520.503 13.1609
-50.7037 470.981 12.9625
-48.0907 450.096 12.3941
26.2615 496.142 13.154
28.7846 526.012 14.1116
33.5514 532.12 13.7097
51.8912 489.779 12.983
73.1906 475.062 13.5194
108.344 550.568 31.6799
107.795 547.54 31.4909
114.501 544.288 31.7518
127.192 447.224 24.827
106.104 454.094 22.6664
172.896 475.667 19.0501
98.1248 499.425 16.2506
117.402 471.894 12.9009
117.945 468.71 12.7011
253.647 424.912 42.6568
190.608 524.694 49.349
192.515 456.082 43.233
195.975 464.058 44.2953
197.768 457.213 43.4106
201.253 456.429 41.99
236.225 502.844 43.9597
266.394 421.854 35.7669
290.868 432.73 36.3049
200.799 456.139 35.6268
202.511 455.899 34.4884
-214.736 526.956 57.027
-136.062 432.619 46.6751
-135.805 432.119 43.3812
-140.069 513.456 51.6549
-104.287 425.278 42.4081
-256.605 435.083 40.0014
-225.706 505.76 47.9742
-216.101 510.714 47.7049
-184.861 470.301 43.5755
-125.146 436.78 41.1102
-133.395 483.713 44.211
-132.318 481.056 44.1939
-195.493 423.761 36.3457
-220.594 509.693 44.128
-177.925 468.735 40.8583
-175.066 464.321 40.2841
-136.186 415.804 35.9546
-249.376 503.28 38.1692
-249.566 503.61 38.199
-215.038 507.657 39.2889
-202.037 520.347 39.5969
-259.703 437.674 29.3772
-245.401 506.827 35.2931
-247.768 515.586 35.2582
-195.607 433.938 29.7377
-181.133 528.274 37.9628
-183.957 540.393 38.5973
-145.233 432.59 30.1799
-169.034 536.259 37.2859
268.797 427.341 30.0489
291.065 427.87 30.3145
-89.6953 513.999 54.9012
-88.2055 508.788 54.114
-44.9245 539.239 58.9746
-31.924 542.891 58.6043
-27.1145 541.721 58.496
15.4549 551.388 58.8044
19.5 557.107 60.776
82.8424 513.548 55.943
163.678 468.414 50.6933
184.03 518.359 56.087
-41.1482 481.988 47.6592
1.929 544.99 53.7961
40.0633 469.028 47.8524
84.2628 442.073 43.9688
89.2419 429.015 43.98
160.525 452.641 46.6505
-114.936 503.646 47.255
-113.272 514.105 47.4418
-111.48 505.949 46.5329
-103.669 540.619 50.9021
-103.839 541.691 50.1346
-36.8264 443.925 41.3008
-35.4845 456.608 42.936
-37.5442 538.881 50.4091
-38.1653 552.527 51.6149
-36.6799 541.293 50.1748
-34.4445 547.476 50.4639
22.6427 551.419 50.4241
24.3127 548.789 50.4404
48.8425 544.862 51.4612
65.9816 507.255 46.4842
87.1492 504.181 47.0562
82.7764 442.26 41.7332
151.304 432.328 40.8319
150.665 430.569 39.91
-95.1468 462.667 40.1297
-74.4392 552.605 47.2623
-73.8274 557.322 46.9247
-62.2243 532.565 44.9147
-37.4272 441.728 37.2636
-18.8997 539.04 45.6884
-13.3269 457.788 38.4602
28.2215 533.649 45.5735
28.7749 532.854 45.6136
31.2798 530.764 45.979
33.1554 530.291 46.1896
42.753 469.346 40.2293
45.5333 480.531 40.8852
45.2566 475.501 41.5494
45.7374 479.151 41.6868
45.1052 471.545 41.1106
46.0894 481.717 42.0619
45.3146 473.263 41.0731
46.7682 474.69 41.2635
49.5022 483.766 41.4789
52.9725 472.104 39.8359
90.6169 500.457 42.6036
93.8722 501.427 42.196
102.633 442.784 37.4326
-93.1996 509.706 39.5532
-48.9826 462.795 35.6164
-48.1896 519.039 40.0917
-24.0065 551.252 43.095
14.9259 534.716 41.8822
37.3241 476.416 38.0581
52.8138 501.172 39.6839
82.341 502.116 38.8061
116.801 536.979 41.1128
-107.693 513.503 36.3448
-95.8556 519.386 36.9281
-76.5058 534.777 37.8667
-48.9821 462.694 32.4142
-57.1577 543.737 38.8353
-12.6513 538.31 38.9585
33.795 458.713 31.8632
44.4317 499.454 35.6152
86.0003 539.103 38.7975
77.6777 472.339 34.1788
79.5399 455.096 32.58
90.3322 450.982 31.7708
121.444 421.104 28.7873
179.168 536.848 38.3171
190.566 536.007 37.6643
-214.714 521.614 54.5208
-205.142 521.364 54.1843
-111.332 550.876 58.3785
-39.5369 544.126 57.3324
-39.411 544.955 57.1047
-3.73613 520.795 53.6273
-136.473 494.797 48.3064
-117.407 479.105 46.8976
-50.1456 452.007 44.3866
-16.1325 537.883 52.9444
-3.24166 521.775 51.2545
-208.063 513.728 46.4548
-180.924 491.253 44.1262
-158.481 464.366 41.8067
-166.932 505.8 44.3075
-132.359 433.108 39.1581
-39.0235 443.783 39.3598
-42.7935 547.659 48.0182
-42.2579 548.341 48.6197
-10.0068 533.181 47.8628
-1.11748 498.834 41.7149
-141.867 439.859 35.8967
-131.242 479.036 39.3883
-107.122 509.926 42.1503
-13.7022 550.422 44.1957
-204.899 514.089 36.9572
-200.422 517.837 37.463
-59.8437 457.457 34.565
-51.0962 542.201 40.5818
-36.5158 541.015 40.5124
-96.2721 519.691 34.8063
-35.6651 455.665 30.1054
-31.3599 553.919 37.9924
-23.7027 487.703 73.4732
-24.6917 514.489 78.1638
4.79313 510.157 77.6216
50.5884 497.894 76.0479
92.4001 545.385 83.4108
100.091 552.16 84.4079
-35.8496 537.196 77.4215
-21.3444 516.113 75.4445
-21.5983 541.149 78.8534
-14.3049 527.972 77.2316
4.30143 557.189 80.1496
38.1596 511.284 74.7425
54.5384 557.99 77.6398
90.0248 524.184 71.8897
99.9315 551.458 76.4868
108.308 547.026 74.4869
165.537 477.948 65.6793
-20.3794 511.454 65.6604
66.4109 465.561 61.283
99.8592 505.131 65.2693
165.183 483.512 62.7372
238.242 521.507 67.9339
26.9662 458.797 55.7168
35.9817 495.923 59.7434
77.9364 510.419 63.0073
97.1699 556.694 67.6829
135.619 455.46 54.7572
145.357 465.969 57.0627
161.464 493.288 59.7712
8.92618 558.223 64.6544
11.0749 556.829 64.5882
19.2667 534.707 62.3633
34.5509 539.204 62.2747
61.2675 438.624 49.5494
86.0086 511.986 58.8828
146.986 470.922 54.6254
149.586 465.925 53.9802
154.839 450.14 51.7306
149.84 435.259 49.182
211.488 494.344 56.1225
193.621 451.431 51.6243
12.946 555.531 57.1925
18.0892 560.876 58.4473
18.0785 550.454 57.2658
61.5742 497.779 51.6101
90.3831 438.679 46.0956
187.617 519.558 54.5758
202.685 535.175 55.9524
51.7348 496.853 48.7427
55.4306 510.66 48.5667
65.7111 458.169 43.5015
79.0368 509.51 48.9713
78.27 444.019 43.1338
95.1638 520.625 50.5093
82.168 441.876 42.91
107.805 557.833 54.5744
150.429 433.057 41.8026
162.523 452.976 44.2715
192.49 456.433 43.9703
193.562 458.166 43.8708
209.294 488.009 47.8461
39.4836 538.373 48.2816
60.9806 507.13 45.2795
61.2478 503.303 44.8866
90.8441 519.309 45.8349
218.464 490.969 44.6831
39.3513 465.371 37.9182
59.2617 544.874 43.7467
235.944 515.116 42.1623
239.407 429.963 34.1605
40.5811 499.39 36.6886
55.164 474.544 34.7987
72.5589 497.861 37.8452
193.033 532.843 40.023
203.304 494.721 37.025
268.773 463.812 33.675
9.56293 508.432 34.37
57.3085 474.97 31.4565
84.2749 443.66 29.8769
122.204 530.267 35.5861
152.327 455.246 30.7602
194.44 513.587 33.8952
178.401 448.863 29.9604
208.238 523.021 35.1735
192.077 428.619 28.4725
-159.892 507.488 76.9886
-159.515 506.739 77.2827
-132.829 540.826 81.7004
-169.622 521.268 75.3215
-162.445 502.605 73.7635
-133.01 475.338 69.1592
-108.236 527.677 75.8024
-110.992 545.464 79.1159
-97.7594 514.166 74.7699
-68.1377 493.711 71.5368
-54.3493 537.133 77.5317
-45.1533 514.367 74.3527
-132.452 504.394 70.2826
-69.0359 504.594 68.7953
-63.9965 529.122 72.9821
-45.4751 540.336 73.4978
-136.827 456.132 55.704
-89.4244 514.024 63.1085
-140.232 482.289 55.6667
-279.291 447.544 43.5926
-258.559 426.569 30.1869
-218.424 469.553 49.6325
-207.202 480.619 50.5585
-211.811 493.63 52.7284
-185.598 417.424 40.3975
-216.297 518.105 51.2312
-241.439 448.439 39.3113
-238.023 502.358 44.7612
-268.518 495.758 40.5628
-271.219 498.846 37.225
-247.045 465.345 34.2598
-244.556 500.989 35.995
-217.561 508.208 37.9452
-234.384 520.266 34.5072
-237.923 475.527 68.6665
-217.641 483.339 65.6559
-248.055 444.469 54.704
-251.429 453.165 54.1276
-253.083 456.776 55.2455
-248.976 451.106 54.0809
-247.287 455.026 54.7832
-237.547 468.464 56.7617
-220.349 448.517 55.0651
-235.104 483.788 59.0704
-232.248 490.421 60.0957
-234.24 502.029 60.9656
-227.205 493.316 60.745
-177.811 441.664 50.2924
-176.024 532.526 98.4221
-178.254 530.853 82.042
-158.022 504.002 78.6198