87.4131 -112.975 72.7159
88.196 -112.648 72.4639
443.517 -313.398 202.256
286.757 -204.258 134.64
404.563 -286.392 188.034
311.41 -219.272 144.434
310.968 -219.112 144.17
311.184 -218.483 143.409
285.13 -200.228 131.106
312.944 -217.783 143.14
311.728 -216.638 142.613
312.012 -216.421 142.277
379.399 -258.049 169.392
380.432 -258.82 169.737
314.898 -212.764 139.692
364.386 -245.297 162.138
242.009 -161.924 107.128
194.967 -267.69 177.49
195.327 -268.054 177.84
194.889 -266.322 176.848
214.447 -290.608 192.626
216.544 -289.256 191.968
277.712 -369.762 245.904
199.98 -265.872 177.371
199.785 -265.651 176.163
198.62 -263.922 175.4
200.556 -266.463 176.907
280.122 -372.228 246.643
173.468 -227.525 151.972
173.974 -227.463 151.551
200.573 -260.818 173.172
87.6758 -112.801 75.2163
177.91 -228.829 151.905
284.382 -362.349 240.208
118.2 -149.269 99.3713
207.312 -262.015 174.805
262.561 -329.122 219.017
110.835 -137.15 91.6165
228.646 -283.637 188.627
207.029 -254.892 169.452
207.433 -253.859 168.3
334.567 -400.163 267.129
79.0861 -91.798 61.3975
322.766 -370.492 247.45
234.383 -269.26 179.339
228.391 -261.76 174.624
321.832 -366.393 244.964
281.811 -320.305 213.999
143.904 -163.068 108.414
131.36 -148.579 99.3753
147.882 -166.948 111.533
132.339 -149.192 99.2328
248.442 -277.213 185.416
178.045 -198.346 132.558
177.952 -197.488 132.243
187.731 -207.015 137.981
234.98 -258.077 172.784
411.93 -451.014 299.647
236.168 -257.22 170.859
244.134 -264.419 175.674
204.698 -220.594 147.727
339.647 -364.445 242.98
336.882 -361.377 241.638
321.267 -343.614 229.754
304.426 -323.529 215.008
410.65 -435.953 290.244
343.991 -363.848 243.807
342.077 -360.87 241.677
248.833 -262.585 175.525
134.826 -141.967 94.7356
124.554 -129.848 86.9784
274.155 -285.883 191.037
118.735 -123.898 82.6703
123.458 -128.42 85.6554
193.961 -202.181 134.635
194.595 -202.473 135.45
266.091 -276.414 185.141
121.632 -126.314 84.3433
123.84 -128.555 85.9542
194.702 -201.353 134.417
278.948 -283.474 190.002
364.337 -366.671 245.613
213.826 -215.548 143.679
280.643 -282.265 187.929
249.444 -249.618 166.257
251.335 -251.522 167.535
254.405 -253.895 169.793
249.906 -249.242 166.967
364.073 -363.217 242.025
202.751 -200.675 134.03
200.038 -198.398 132.643
242.754 -240.289 160.591
141.572 -139.133 93.376
136.136 -134.148 89.9906
164.579 -162.49 108.174
368.812 -363.748 242.96
203.555 -199.995 133.419
140.277 -137.438 92.1617
123.746 -121.371 80.7465
251.722 -246.703 164.186
290.437 -284.026 189.912
77.3546 -75.487 50.2204
317.848 -309.44 207.008
256.137 -247.759 165.41
301 -291.021 194.269
221.209 -213.059 142.111
300.162 -286.7 192.311
295.495 -281.822 188.892
295.841 -282.037 189.184
295.695 -281.919 188.7
298.931 -284.449 191.056
292.848 -278.673 187.187
298.425 -283.706 190.273
296.242 -281.493 188.897
296.634 -281.411 188.817
206.476 -195.812 130.547
206.264 -195.084 130.612
228.545 -216.275 143.938
380.363 -359.612 240.002
228.024 -215.636 143.535
248.151 -233.071 155.666
293.553 -274.016 183.905
296.56 -277.318 185.909
206.497 -193.186 129.467
294.586 -275.15 184.451
357.628 -333.972 222.895
264.728 -245.816 165.059
298.502 -274.776 184.459
392.568 -359.484 240.958
463.704 -422.251 282.519
136.954 -124.664 83.1136
209.923 -190.616 127.661
165.275 -149.633 100.143
214.012 -192.082 128.729
392.768 -350.222 234.301
395.109 -350.456 234.318
361.24 -319.191 214.371
284.963 -250.728 167.606
285.27 -251.071 167.61
337.729 -294.782 197.919
284.551 -244.953 163.992
288.128 -247.007 165.879
228 -194.667 130.924
318.832 -272.505 182.075
137.964 -117.309 79.0164
400.157 -340.419 228.179
355.987 -298.072 200.41
427.986 -355.351 239.327
436.944 -361.276 241.342
432.784 -356.495 240.093
436.125 -359.033 240.526
273.305 -224.094 150.447
273.231 -223.83 149.629
240.555 -195.661 131.46
288.576 -232.913 156.936
310.283 -250.783 168.071
217.337 -175.515 117.428
385.855 -309.329 207.896
278.098 -223.159 149.067
277.835 -219.977 148.334
441.409 -349.638 234.945
388.677 -307.045 207.186
293.921 -229.479 153.859
439.034 -342.384 229.589
439.673 -340.172 228.389
497.463 -385.25 257.806
108.578 -83.5825 56.3343
107.596 -82.7585 55.5115
424.753 -324.751 218.91
154.411 -117.641 79.2053
408.062 -310.859 208.559
187.425 -141.91 95.8835
287.332 -216.716 145.598
187.465 -140.283 94.6524
276.398 -206.542 138.404
353.331 -262.993 176.847
192.806 -142.507 96.3874
105.87 -77.4326 52.3011
247.681 -181.891 121.833
104.915 -76.7613 51.8638
395.05 -285.346 191.502
190.61 -136.54 91.7169
92.3366 -65.9952 44.6465
270.954 -193.608 130.241
306.163 -218.236 147.196
292.483 -207.852 139.974
307.639 -217.07 146.263
400.677 -280.05 189.228
430.922 -294.949 198.774
428.431 -292.621 197.75
352.082 -238.947 161.154
228.219 -154.143 104.281
228.866 -154.78 104.048
519.095 -349.689 236.569
405.793 -273.053 185.269
238.975 -159.516 107.841
420.84 -280.22 189.993
406.358 -270.564 183.088
297.824 -198.289 133.726
408.525 -272.078 183.5
416.001 -275.999 186.659
416.059 -275.656 186.881
413.555 -273.873 185.651
416.125 -274.767 185.491
410 -270.542 182.443
368.435 -242.885 164.21
399.712 -261.903 178
407.713 -264.106 179.552
375.659 -241.207 164.113
374.574 -239.118 162.746
-293.369 167.913 -110.022
-447.234 235.597 -154.625
-385.494 188.152 -119.825
52.9674 185.14 -122.932
41.6748 188.048 -124.792
79.6437 361.595 -239.969
58.7612 174.338 -112.006
81.0328 244.961 -157.399
107.654 343.002 -220.361
62.0317 388.463 -249.55
44.9588 326.077 -209.474
25.8711 233.536 -150.015
34.2385 393.224 -252.586
31.048 371.725 -238.753
92.4871 251.669 -159.011
103.571 300.988 -190.174
51.0577 263.625 -166.611
30.5075 267.193 -168.868
13.7914 237.266 -149.957
-64.177 309.211 -195.228
-85.6154 412.483 -259.269
-69.3359 323.39 -203.457
-66.2069 305.812 -192.807
99.1799 320.845 -199.337
87.7843 313.629 -194.884
18.9416 277.551 -172.595
113.131 327.376 -217.957
87.83 262.386 -174.514
57.497 173.968 -115.929
144.761 436.254 -290.031
120.589 364.975 -242.915
81.0209 251.151 -167.44
55.3369 184.699 -123.123
105.867 357.464 -238.005
76.8034 261.964 -174.598
71.4945 249.615 -165.944
89.4841 312.907 -208.023
97.3061 344.384 -228.961
56.44 204.819 -136.263
78.427 318.404 -211.734
41.0882 191.813 -127.53
38.2594 188.03 -125.494
38.2574 188.535 -125.619
35.7514 190.997 -127.152
35.5316 190.117 -126.591
35.1299 188.935 -125.872
60.4716 327.271 -218.198
51.6237 285.406 -189.483
42.3846 233.447 -155.716
51.0788 286.114 -190.044
30.6039 169.141 -112.775
50.348 279.787 -186.701
50.2727 280.785 -186.666
51.238 286.708 -190.717
34.1948 192.06 -127.644
66.297 376.023 -250.223
65.4372 372.519 -248.161
58.4909 334.394 -222.142
57.9563 332.39 -221.551
47.1144 274.384 -182.97
38.9262 230.627 -153.35
38.9214 230.639 -153.333
42.7647 258.205 -172.359
48.9752 296.263 -197.195
42.1656 254.981 -170.138
43.1263 261.128 -174.239
49.0367 305.666 -203.291
61.7562 400.588 -265.956
62.4589 405.954 -269.845
49.4031 324.943 -215.74
45.2601 323.181 -215.326
27.5317 196.989 -131.094
40.5822 305.816 -203.67
44.5566 336.289 -223.756
44.0366 336.834 -224.133
43.3934 332.285 -220.879
56.9707 428.566 -285.254
43.5134 335.955 -223.386
37.291 294.048 -195.908
43.4585 335.803 -222.923
56.5612 448.921 -299.266
35.108 293.87 -195.209
33.7377 294.214 -195.337
35.5849 317.916 -210.994
32.525 293.413 -194.834
31.9827 290.639 -193.086
34.8575 317.946 -211.997
16.1361 148.232 -98.5334
39.2567 353.855 -235.758
19.0825 182.303 -121.177
35.6423 521.149 -346.225
15.2234 272.699 -181.802
13.3306 245.027 -162.807
12.117 245.601 -163.545
9.10807 200.692 -133.172
8.32408 191.412 -127.14
6.62415 155.478 -103.771
20.7155 487.661 -324.951
13.0224 313.437 -209.071
11.5309 279.218 -185.325
14.1334 416.716 -276.543
10.1378 301.743 -201.004
6.43723 201.003 -134.214
7.81446 245.054 -162.721
7.82471 245.043 -162.738
5.36773 173.656 -115.658
7.32829 243.947 -162.3
12.4698 428.929 -285.244
4.59601 186.814 -124.166
4.28043 185.899 -123.858
4.2244 195.324 -130.286
9.07617 428.158 -284.202
5.46309 273.639 -182.355
4.26578 219.236 -146.007
8.28815 463.261 -307.667
3.50275 253.775 -169.29
5.01094 380.383 -252.405
4.96157 383.89 -254.892
2.02216 172.469 -115.019
3.46961 382.48 -254.085
1.06058 171.921 -114.817
1.52857 292.966 -194.756
1.27338 297.964 -197.92
0.937621 292.58 -194.234
0.244848 208.462 -139.027
-0.663904 486.995 -324.748
-0.601372 289.828 -192.82
-0.168991 287.971 -191.571
-0.291661 290.178 -192.465
-0.48119 287.115 -190.725
-0.686226 292.19 -194.717
-1.42677 322.746 -214.459
-1.46299 326.244 -216.907
-1.67513 265.589 -176.558
-6.3104 613.203 -407.94
-2.35527 163.564 -108.825
-5.45093 353.999 -236.208
-9.85397 501.151 -334.694
-14.2831 431.211 -286.266
-6.47737 177.943 -118.676
-12.192 279.3 -185.766
-8.62708 197.387 -130.987
-12.2871 279.43 -186.525
-7.89354 178.34 -118.622
-13.0612 281.236 -187.325
-13.0554 281.247 -187.309
-9.59971 197.649 -131.134
-13.588 279.037 -185.408
-14.0975 280.153 -186.001
-19.579 386.581 -256.489
-22.1644 412.184 -274.923
-15.1103 225.276 -150.029
-11.9125 177.025 -117.446
-17.4193 224.155 -148.809
-16.9844 198.117 -131.744
-24.2405 271.603 -180.914
-40.096 448.428 -297.708
-30.4012 338.013 -225.287
-30.2572 327.559 -218.864
-30.5785 327.474 -218.744
-46.6221 450.438 -300.755
-18.8288 175.539 -116.725
-25.1406 218.034 -145.122
-19.6838 172.149 -114.397
-29.0733 246.261 -164.314
-20.9575 176.203 -117.681
-49.2861 411.88 -275.091
-49.2343 411.89 -275.084
-49.2687 411.86 -275.123
-49.4325 412.623 -275.517
-48.5033 401.835 -267.944
-49.4737 408.447 -271.38
-49.9449 410.63 -273.277
-50.6869 409.47 -273.263
-50.4761 412.24 -274.893
-26.4421 215.93 -143.54
-49.7093 403.248 -268.758
-38.4706 312.326 -207.607
-49.4048 399.197 -265.454
-27.2709 216.504 -144.282
-45.4394 353.173 -234.755
-47.2344 366.109 -243.869
-46.0785 354.609 -235.249
-45.0997 346.828 -230.263
-46.0894 356.276 -237.629
-57.4907 423.109 -280.69
-51.8754 372.97 -248.487
-52.2286 374.47 -249.254
-80.3436 573.565 -382.249
-30.5261 217.422 -145.281
-43.2471 301.677 -200.269
-37.8794 265.533 -177.245
-68.6873 462.78 -306.984
-49.0256 327.931 -218.537
-30.7199 204.883 -135.991
-30.7591 204.042 -135.63
-30.6112 202.032 -134.807
-52.5305 342.011 -227.297
-51.3207 329.44 -218.616
-52.1731 338.851 -225.38
-69.7975 448.987 -298.868
-32.7819 209.749 -140.145
-32.0737 203.885 -135.353
-53.371 331.28 -220.41
-37.9069 228.767 -151.763
-71.6589 428.985 -286.656
-38.4689 228.877 -151.919
-50.3728 288.995 -192.566
-54.9904 296.283 -196.884
-55.2541 291.613 -194.565
-66.8289 350.097 -232.752
-62.7442 327.749 -218.696
-73.4525 380.28 -252.77
-61.8369 318.626 -212.482
-104.516 534.361 -355.62
-46.0368 233.442 -155.427
-89.3115 437.012 -290.68
-89.2383 435.579 -289.356
-41.5554 200.833 -134.15
-40.4128 195.383 -129.847
-61.8219 292.732 -194.981
-43.2588 203.861 -136.139
-43.3206 202.105 -134.389
-101.349 473.273 -314.239
-83.0492 378.947 -252.844
-123.441 549.04 -364.855
-107.968 477.097 -316.723
-91.6729 399 -266.075
-48.0924 208.106 -138.801
-49.4896 207.374 -137.841
-49.3497 206.259 -137.567
-66.0669 274.294 -183.354
-51.6507 204.735 -135.909
-53.9698 212.518 -141.136
-72.297 280.742 -187.561
-107.616 416.836 -278.063
-69.8146 269.479 -180.274
-69.7917 269.356 -179.962
-110.79 420.471 -279.554
-47.3448 179.942 -119.493
-54.5488 202.34 -135.171
-87.0355 323.629 -216.216
-90.1846 333.49 -223.088
-120.59 440.926 -294.874
-54.3003 198.389 -132.484
-42.151 153.043 -101.642
-118.61 431.781 -288.573
-42.2533 153.607 -101.999
-64.3556 232.382 -155.407
-55.6215 200.883 -134.146
-56.3447 203.198 -135.56
-58.0437 209.328 -139.419
-56.1045 202.116 -134.671
-57.402 205.869 -137.035
-73.1918 262.002 -174.581
-72.5698 259.734 -172.793
-72.6242 259.728 -172.78
-72.6351 259.72 -172.787
-57.4158 204.772 -136.472
-56.7804 201.562 -134.594
-56.782 202.299 -135.3
-57.0063 203.37 -135.227
-72.5736 258.654 -172.187
-57.2955 203.943 -136.166
-56.8622 202.36 -134.809
-56.5323 199.406 -133.271
-56.5364 199.399 -133.28
-74.007 260.423 -174.031
-79.562 279.414 -186.261
-76.5141 268.311 -179.332
-57.3906 201.228 -133.987
-74.1779 259.611 -173.433
-74.0014 259.013 -173.034
-76.0741 263.017 -175.673
-76.1303 263.197 -175.056
-77.5375 264.509 -175.844
-146.661 499.004 -331.539
-146.692 499.002 -331.528
-83.0516 281.793 -188.404
-60.4036 204.775 -137.023
-77.7905 264.183 -175.423
-78.2283 261.89 -174.257
-111.416 371.193 -247.797
-101.099 331.034 -221.211
-78.0949 255.173 -170.177
-149.594 487.593 -325.317
-62.9345 204.362 -136.771
-130.161 420.772 -281.523
-103.169 332.877 -222.363
-64.0699 205.157 -137.1
-63.6747 203.83 -135.568
-82.7857 262.756 -175.406
-71.1424 226.256 -150.346
-61.1863 193.688 -129.43
-61.1944 193.685 -129.43
-64.3481 203.321 -135.512
-63.7296 201.086 -133.887
-61.4064 193.122 -129.235
-62.6786 197.143 -131.041
-62.4391 196.157 -130.72
-104.101 326.216 -217.437
-85.1067 263.587 -175.997
-85.1287 263.574 -176.005
-64.3391 198.965 -132.626
-104.795 326.295 -216.942
-88.8441 272.602 -181.373
-156.585 481.519 -321.488
-88.2802 271.178 -180.453
-88.7829 271.586 -181.373
-64.5372 196.328 -131.161
-169.681 515.153 -343.461
-64.457 196.415 -131.262
-99.3504 300.656 -200.419
-84.6349 255.819 -171.094
-85.0089 256.15 -170.838
-83.8153 252.609 -168.121
-81.7375 244.256 -162.555
-66.6162 198.187 -132.013
-67.762 201.795 -134.456
-66.8344 195.007 -130.371
-36.3457 105.855 -70.6685
-66.8434 194.4 -129.31
-67.6207 195.78 -130.636
-87.3472 249.488 -166.052
-76.5478 219.957 -146.17
-69.007 195.241 -130.502
-70.5237 200.261 -133.498
-126.077 354.374 -236.927
-117.379 328.007 -218.46
-57.1556 158.749 -105.607
-62.9297 174.482 -116.259
-113.466 310.584 -207.683
-155.213 425.959 -283.438
-171.281 469.829 -312.41
-201.241 539.391 -359.321
-125.6 328.352 -219.632
-98.6958 257.514 -171.842
-77.8185 202.444 -135.065
-150.427 388.305 -258.06
-145.75 374.471 -249.795
-131.034 326.919 -217.994
-44.3852 110.499 -73.9715
-130.135 324.698 -216.379
-71.7227 178.495 -118.816
-81.3169 201.635 -134.168
-81.0008 201.01 -133.865
-82.0854 198.435 -132.962
-82.546 196.532 -131.686
-70.1678 163.838 -109.19
-114.39 263.465 -176.496
-71.0799 163.886 -109.199
-87.4211 200.734 -133.569
-85.8249 197.672 -131.458
-129.609 295.972 -197.273
-129.864 294.758 -197.148
-129.894 294.73 -197.17
-130.323 295.665 -197.805
-91.0565 204.101 -136.392
-91.0868 204.115 -136.351
-150.766 337.48 -225.819
-90.1312 201.154 -134.087
-90.6704 201.248 -134.349
-91.81 203.498 -135.318
-148.948 329.472 -220.117
-91.8451 202.611 -134.865
-111.079 243.265 -162.871
-130.603 284.846 -190.794
-93.7364 202.944 -135.093
-149.355 321.65 -215.084
-81.7795 175.068 -116.875
-96.3122 202.706 -135.781
-82.8279 174.227 -115.931
-84.2676 173.931 -115.691
-164.006 334.731 -224.342
-94.2517 191.893 -128.421
-86.375 175.323 -117.566
-141.367 286.653 -191.979
-172.156 334.935 -222.912
-168.424 327.576 -218.196
-175.479 340.803 -227.707
-260.506 504.114 -337.04
-85.3929 164.835 -110.469
-173.727 330.741 -220.463
-172.113 327.347 -218.014
-224.939 414.989 -278.438
-176.247 325.308 -217.182
-128.424 233.661 -155.695
-140.687 255.425 -170.133
-176.743 317.862 -212.57
-204.874 365.665 -244.774
-205.075 359.901 -241.056
-180.378 315.506 -211.159
-99.3024 173.794 -116.002
-180.438 315.462 -211.174
-87.1366 152.086 -101.709
-182.934 318.16 -212.893
-181.93 316.355 -211.595
-182.885 317.805 -212.909
-145.565 252.384 -168.227
-206.518 356.879 -237.675
-120.058 206.425 -137.893
-206.259 353.799 -237.434
-193.526 330.49 -220.571
-101.503 172.567 -115.544
-122.862 207.433 -139.332
-71.8838 119.919 -80.4169
-70.6888 117.499 -78.8744
-191.48 317.759 -211.797
-228.03 376.852 -253.167
-186.129 307.994 -205.945
-73.7735 121.271 -80.9653
-187.038 303.911 -203.775
-112.658 181.062 -121.402
-242.805 389.303 -260.978
-158.902 253.369 -170.188
-156.546 249.724 -166.679
-204.811 320.549 -214.894
-246.218 383.933 -256.871
-247.641 387.188 -258.186
-246.978 385.503 -258.042
-263.769 409.35 -274.617
-107.457 166.239 -111.187
-243.887 374.279 -250.803
-170.971 258.892 -174.158
-172.761 261.613 -175.943
-109.332 165.313 -110.617
-110.218 166.641 -111.516
-210.617 318.249 -213.096
-210.323 316.832 -212.915
-210.296 316.83 -212.945
-209.605 315.364 -210.901
-194.55 292.396 -195.385
-197.619 296.447 -198.173
-181.736 269.416 -180.159
-263.647 364.962 -243.898
-157.186 214.859 -143.462
-157.231 214.841 -143.439
-157.258 214.83 -143.426
-85.1951 116.202 -77.6401
-131.406 165.61 -111.049
-213.179 268.7 -179.876
-132.757 167.112 -111.808
-359.975 452.828 -303.032
-288.238 359.869 -242.337
-386.739 481.918 -323.34
-199.981 245.472 -165.494
-172.426 212.295 -142.482
-174.213 214.463 -143.847
-174.366 214.037 -143.635
-173.122 212.585 -142.298
-174.857 214.274 -143.584
-175.033 214.075 -144.073
-175.622 214.454 -144.318
-120.108 146.696 -98.1687
-174.96 212.948 -142.536
-230.778 278.785 -187.062
-230.46 278.209 -186.895
-231.77 278.544 -187.483
-229.493 275.225 -184.735
-230.729 275.892 -185.718
-229.142 273.717 -183.664
-193.718 229.859 -154.711
-184.652 213.051 -142.801
-255.312 291.721 -195.872
-255.271 290.091 -195.004
-253.652 289.151 -194.062
-178.445 202.986 -135.951
-178.854 203.275 -136.304
-253.803 288.02 -193.804
-319.156 360.838 -243.089
-305.329 340.899 -228.479
-146.368 162.819 -109.911
-259.402 286.716 -193.662
-251.089 278.475 -187.602
-258.988 287.213 -192.859
-249.629 276.194 -186.646
-253.251 280.279 -189.006
-255.939 282.277 -190.675
-258.47 285.114 -192.511
-256.668 282.839 -191.113
-252.899 278.49 -186.889
-252.996 278.493 -186.806
-263.033 288.594 -195.093
-258.467 283.141 -191.226
-192.243 210.414 -142.274
-253.396 276.674 -187.01
-77.6537 83.6301 -56.3705
-212.342 228.604 -153.863
-179.207 190.747 -128.75
-268.164 285.219 -192.559
-181.12 191.242 -129.397
-139.958 148.754 -100.016
-189.745 198.267 -133.176
-348.603 362.902 -244.91
-120.907 125.542 -84.7444
-154.298 159.773 -107.234
-154.744 159.986 -107.281
-184.657 189.665 -128.299
-163.065 164.959 -111.397
-293.253 295.953 -199.03
-295.213 297.726 -200.872
-165.177 165.47 -111.158
-163.399 163.46 -109.944
-221.628 221.122 -149.572
-210.084 206.706 -138.928
-221.831 214.072 -144.974
-233.435 223.788 -151.038
-219.367 207.448 -140.727
-217.713 206.064 -139.48
-173.081 162.935 -110.442
-97.1587 90.5704 -61.0464
-138.732 129.407 -87.5992
-358.8 333.615 -225.624
-138.01 128.331 -86.5902
-141.102 131.191 -88.3883
-157.071 143.811 -97.5345
-109.489 100.049 -67.6959
-473.729 432.596 -291.926
-141.638 127.801 -86.6002
-140.279 126.57 -85.7471
-378.907 341.683 -231.674
-108.951 97.9703 -65.9467
-246.246 220.264 -148.432
-354.804 315.894 -213.174
-239.72 211.094 -142.761
-243.331 214.199 -144.626
-293.973 257.648 -173.54
-414.719 361.85 -245.122
-246.708 215.156 -145.066
-251.043 218.582 -148.136
-291.046 251.543 -169.999
-290.501 251.256 -169.864
-188.723 162.63 -109.501
-241.682 207.348 -140.449
-242.246 207.076 -140.14
-235.013 201.164 -135.483
-239.055 204.131 -138.218
-234.705 200.077 -135.499
-259.341 221.344 -149.2
-258.504 220.465 -148.701
-238.389 203.129 -137.269
-240.22 204.714 -138.173
-238.444 203.098 -137.218
-240.259 204.691 -138.139
-243.72 207.694 -140.01
-238.855 203.283 -137.376
-241.977 203.383 -137.396
-238.575 197.942 -133.924
-248.907 206.71 -139.66
-242.018 196.881 -132.889
-198.616 161.486 -109.195
-207.746 165.786 -112.043
65.0524 184.721 -120.912
114.831 339.325 -223.235
86.6223 256.686 -167.766
107.688 320.165 -210.427
112.718 335.372 -220.407
94.1656 285.99 -187.57
164.463 503.398 -330.015
79.1976 247.646 -162.299
126.503 396.971 -260.127
51.0103 160.02 -105.347
51.6361 162.141 -106.62
82.8536 262.829 -171.863
54.0643 177.015 -115.865
46.4937 152.161 -99.6215
104.375 342.543 -224.253
29.6314 98.4023 -64.4807
120.015 397.197 -261.079
52.4737 177.394 -116.18
72.1173 250.004 -163.567
71.1151 249.041 -162.773
89.622 313.926 -205.283
43.1778 154.01 -101.115
97.7915 350.659 -229.477
95.4889 345.443 -225.963
42.1529 154.846 -101.863
77.2828 292.146 -191.457
66.1794 251.622 -165.616
65.6793 251.23 -165.258
57.5708 226.36 -148.304
63.4017 250.037 -164.006
69.8548 276.925 -182.261
80.8279 322.126 -211.509
101.973 409.847 -268.072
98.4646 411.245 -270.095
58.9467 254.13 -166.872
105.307 455.76 -298.949
72.2548 315.164 -206.391
49.9852 240.59 -157.596
70.9518 346.793 -226.563
24.7729 123.04 -80.5081
45.6208 226.652 -148.801
50.7113 257.821 -169.396
37.5578 194.478 -127.509
52.2403 277.083 -182.284
48.2755 259.617 -170.465
47.3706 258.53 -169.07
51.9713 285.014 -186.209
47.9902 279.679 -183.736
73.3524 429.368 -280.85
90.9934 534.795 -350.776
48.4835 285.784 -187.506
69.6349 413.113 -269.984
69.0358 409.304 -268.865
47.9814 285.407 -187.329
49.2859 293.94 -192.285
48.3666 285.614 -187.036
47.8449 283.055 -185.863
31.9242 192.341 -125.78
31.6963 190.963 -125.543
46.3151 280.43 -183.34
61.0279 369.616 -242.265
47.0079 292.529 -191.755
46.9441 295.597 -193.178
46.6524 293.578 -192.526
52.6137 334.035 -219.165
43.9793 287.51 -188.279
44.8223 293.923 -192.373
49.6039 326.304 -213.404
39.8168 261.66 -171.874
48.9545 328.799 -215.796
43.4974 293.291 -192.083
38.7556 262.626 -172.179
34.13 231.524 -151.912
42.1788 291.294 -191.082
42.632 294.717 -192.676
48.1009 334.682 -219.121
41.6319 291.554 -191.09
37.0132 257.881 -169.081
40.6809 291.604 -190.797
63.5136 456.391 -299.359
43.8979 321.065 -210.891
49.3868 373.25 -244.029
20.2849 158.915 -104.288
50.6718 408.073 -267.561
31.9225 256.367 -167.548
32.3364 260.116 -170.523
36.9591 306.514 -200.916
41.3353 343.132 -225.131
36.7357 306.54 -201.407
37.9002 320.595 -210.4
36.1877 307.338 -201.525
36.1824 314.745 -206.725
40.1844 352.609 -231.708
35.4318 306.052 -200.218
34.1964 303.265 -199.024
34.2669 304.33 -198.868
33.9014 302.684 -198.389
22.0292 200.385 -131.315
46.0049 422.933 -277.323
34.3181 315.412 -207.41
45.8113 421.364 -276.916
38.9519 363.521 -238.655
12.1464 116.52 -76.4303
45.0207 433.26 -283.265
33.8266 341.786 -224.382
33.8486 341.987 -224.56
18.047 190.765 -124.971
22.1307 241.982 -158.161
22.0081 242.373 -158.645
21.9514 242.651 -159.441
36.4967 409.632 -268.91
24.6467 279.043 -183.373
22.8831 380.802 -249.123
16.2896 276.519 -181.871
16.2834 276.895 -181.924
23.8639 438.653 -287.656
23.1056 436.519 -285.353
23.2084 446.134 -291.41
23.2075 446.723 -292.042
24.3985 486.032 -317.814
11.7913 244.903 -160.078
9.01281 195.132 -127.783
19.1854 441.118 -288.851
22.2711 531.963 -348.407
7.37994 178.639 -116.694
9.22332 234.899 -153.422
13.4838 432.584 -283.835
8.21444 307.704 -201.23
7.93646 303.236 -198.801
5.27758 231.366 -152.135
5.54088 293.088 -192.053
5.18429 290.276 -190.145
3.05039 177.722 -116.727
2.90508 175.113 -114.773
10.7724 602.165 -395.104
2.64163 169.225 -110.945
3.92417 290.992 -190.976
6.33265 473.695 -309.902
2.28649 172.754 -113.394
2.25239 173.964 -114.315
3.49446 292.515 -192.286
3.09312 289.36 -189.997
1.99115 206.976 -135.687
3.82387 380.621 -250.267
-0.450331 179.956 -117.707
-2.65256 382.707 -251.249
-13.7093 485.187 -318.703
-7.57048 254.57 -166.808
-8.02483 254.058 -166.296
-13.451 389.874 -254.468
-14.0447 387.855 -253.646
-14.1105 368.381 -241.027
-17.9257 465.513 -305.555
-7.67946 179.839 -117.398
-14.8147 369.979 -243.036
-16.1028 392.989 -256.653
-16.296 392.729 -256.427
-15.9021 380.554 -250.179
-16.4206 377.238 -247.714
-17.6421 351.201 -229.533
-17.7838 350.033 -229.22
-19.137 340.034 -223.193
-26.5257 463.867 -304.558
-27.9803 488.335 -319.602
-29.7717 462.655 -302.878
-30.3485 472.27 -308.747
-26.5916 395.152 -259.169
-18.8102 275.238 -180.519
-12.5751 178.414 -117.045
-12.5005 176.922 -115.745
-19.9932 270.101 -177.011
-20.8469 273.648 -179.69
-14.5379 191.569 -125.678
-46.1105 589.975 -387.485
-21.344 272.078 -178.84
-39.2645 493.803 -323.959
-21.88 274.356 -180.351
-21.3963 265.092 -174.09
-14.9907 177.941 -116.207
-38.4257 448.941 -294.964
-38.593 447.018 -294.033
-28.8436 329.236 -216.497
-50.0279 557.486 -366.433
-14.2942 157.377 -103.351
-30.509 334.991 -219.431
-16.4828 178.357 -117.27
-30.6745 332.496 -217.34
-30.7578 332.076 -217.152
-30.9435 333.819 -218.371
-21.0246 223.018 -146.02
-17.919 184.972 -121.636
-17.9166 185.826 -122.127
-32.6074 331.375 -217.215
-18.2665 177.391 -115.844
-43.8026 404.404 -265.884
-45.1962 411.301 -269.127
-20.1532 172.614 -113.246
-38.1798 326.099 -213.49
-23.4948 196.076 -128.39
-41.8488 346.156 -227.041
-42.0683 346.837 -227.723
-41.7408 344.471 -225.827
-43.2467 350.737 -229.527
-25.424 201.299 -132.344
-28.0657 218.696 -143.799
-27.9981 217.456 -142.977
-28.0092 217.532 -142.177
-33.5403 254.108 -166.198
-26.1404 196.22 -128.831
-71.9683 530.67 -346.657
-28.1053 202.338 -132.144
-28.1611 201.179 -131.724
-27.9899 197.423 -128.867
-58.042 404.981 -264.488
-37.8195 260.324 -170.74
-38.3053 263.795 -172.991
-30.5871 207.013 -135.898
-30.4514 205.961 -135.045
-30.5568 205.933 -134.772
-29.7921 200.134 -131.142
-29.8005 200.13 -131.146
-51.5247 337.913 -220.765
-62.2588 406.21 -265.161
-71.8438 463.17 -303.909
-52.2912 335.957 -220.665
-33.1449 201.776 -132.092
-33.6166 203.631 -133.225
-64.1074 387.3 -254.233
-56.4848 341.229 -223.546
-34.07 201.288 -131.765
-35.0986 204.671 -133.737
-35.8969 207.402 -135.506
-35.5914 204.862 -134.672
-36.1194 203.709 -133.618
-36.1985 201.948 -132.347
-42.3299 233.559 -152.78
-42.1541 232.592 -151.897
-34.7516 188.08 -123.198
-57.7867 300.977 -197.372
-93.0868 458.257 -300.122
-84.3805 412.428 -269.637
-40.53 195.715 -127.823
-70.3632 333.641 -218.604
-93.527 436.657 -287.082
-45.217 204.947 -134.674
-76.7031 340.868 -223.947
-102.461 449.764 -293.869
-102.452 449.779 -293.848
-86.4922 377.157 -246.281
-47.7586 205.552 -134.841
-47.6921 202.796 -132.976
-49.4427 203.878 -133.609
-49.6195 203.144 -132.822
-110.365 449.55 -295.807
-49.9743 203.215 -133.604
-109.562 444.271 -292.335
-58.782 230.453 -150.499
-64.8023 252.995 -165.365
-114.811 444.218 -291.869
-51.3736 198.288 -129.83
-113.909 437.706 -287.558
-51.1571 195.187 -127.532
-75.0025 284.373 -187.1
-75.8369 284.424 -186.962
-111.934 420.087 -274.591
-54.1673 203.244 -132.95
-54.4217 204.183 -133.561
-55.0331 205.988 -135.376
-55.4774 207.705 -135.893
-111.62 416.914 -274.355
-55.8344 208.086 -136.029
-52.198 194.21 -127.007
-49.3989 183.83 -120.209
-48.0111 177.86 -116.967
-52.2712 192.827 -126.702
-55.9295 206.205 -135.16
-55.9399 204.58 -134.039
-90.2893 329.556 -216.414
-54.5411 198.315 -129.552
-56.1442 202.721 -133.43
-55.2426 198.551 -130.543
-56.4023 201.654 -132.292
-59.6432 213.011 -140.069
-55.3731 195.982 -128.507
-82.3808 283.015 -184.905
-81.995 281.219 -183.735
-64.6257 217.797 -143.063
-79.7177 267.03 -175.783
-67.3255 224.066 -146.626
-58.9021 195.451 -128.582
-61.8531 204.819 -134.111
-103.467 341.249 -223.423
-62.3417 204.295 -134.085
-59.5135 195.864 -128.499
-80.51 261.576 -171.906
-63.4546 204.8 -134.036
-81.0115 262.376 -171.536
-79.382 256.501 -168.323
-81.3099 262.133 -171.335
-60.1207 192.974 -126.445
-65.6986 210.359 -138.253
-60.6266 193.939 -127.061
-63.3397 202.116 -132.862
-64.2419 204.988 -134.44
-85.3575 272.148 -177.765
-60.2703 191.758 -125.244
-63.573 201.986 -132.1
-67.0564 211.636 -138.959
-63.8729 201.35 -132.041
-82.7273 260.204 -170.829
-84.6934 265.165 -173.861
-84.7541 265.132 -173.882
-65.7232 203.243 -133.688
-130.957 405.281 -265.268
-82.7386 255.223 -167.961
-83.8822 259.208 -169.444
-83.038 252.929 -165.594
-84.2701 256.735 -168.124
-81.6649 250.024 -164.158
-83.0764 254.065 -166.543
-81.5698 249.61 -163.283
-85.4458 261.309 -171.057
-65.3979 200.048 -130.754
-84.5113 257.764 -169.36
-85.3723 260.359 -170.618
-82.8117 252.22 -165.595
-84.2499 256.504 -168.31
-87.4886 266.175 -174.876
-82.8475 251.865 -165.666
-82.417 252.727 -165.853
-80.4772 244.429 -160.099
-116.108 352.023 -231.108
-85.2454 258.164 -169.856
-84.9766 256.837 -167.831
-36.4275 108.842 -71.2403
-73.5294 220.218 -144.832
-76.29 224.334 -147.277
-81.4011 233.62 -153.2
-46.1498 130.65 -85.5209
-46.8511 132.446 -86.7774
-45.7456 129.812 -84.8645
-71.9309 202.864 -133.174
-119.973 330.139 -215.93
-150.715 408.626 -267.22
-65.5847 177.496 -116.516
-205.365 544.798 -356.707
-91.0859 240.953 -157.553
-156.61 413.052 -270.597
-117.443 309.34 -202.691
-91.4562 240.606 -157.871
-77.8287 204.622 -134.086
-149.136 389.004 -255.306
-149.361 389.677 -254.881
-151.067 393.883 -257.807
-128.675 335.132 -219.184
-150.919 391.251 -257.416
-102.652 263.104 -172.882
-94.1979 240.628 -158.009
-184.573 463.729 -303.549
-69.9973 174.894 -114.285
-82.2562 203.377 -133.886
-105.111 258.991 -169.802
-134.815 328.305 -215.935
-136.471 332.315 -218.162
-137.311 329.474 -216.444
-111.524 264.249 -174.033
-110.461 261.834 -172.211
-111.811 264.915 -174.24
-85.9107 200.093 -131.697
-86.8303 201.906 -132.487
-140.899 328.571 -215.516
-89.5622 206.157 -135.296
-90.3716 206.896 -135.527
-144.171 328.827 -215.573
-175.916 397.733 -261.972
-149.628 340.062 -223.755
-144.403 328.828 -215.129
-88.2116 200.655 -131.372
-115.016 261.172 -171.191
-90.3836 204.407 -134.24
-146.462 331.254 -217.376
-147.855 334.153 -219.36
-147.36 332.833 -218.618
-73.8716 163.017 -107.158
-92.8993 204.253 -134.382
-177.28 387.396 -253.877
-120.77 259.283 -170.857
-94.9801 202.769 -133.484
-94.6596 202.084 -132.943
-158.498 336.755 -221.426
-159.306 335.841 -220.432
-228.2 480.25 -316.306
-126.408 260.396 -171.461
-228.12 470.141 -308.083
-158.187 321.284 -211.15
-88.5441 179.164 -117.701
-103.459 206.501 -136.059
-103.153 201.976 -133.04
-133.605 260.277 -170.694
-283.57 546.709 -360.507
-173.13 334.032 -219.182
-175.956 337.167 -221.759
-171.018 327.767 -214.811
-167.013 317.951 -209.094
-104.404 198.624 -130.081
-137.741 258.82 -170.148
-179.166 335.588 -219.731
-174.711 326.448 -214.939
-192.833 358.463 -235.453
-191.916 355.802 -233.06
-107.978 199.7 -131.745
-206.271 379.456 -250.292
-85.289 156.648 -102.636
-160.335 291.72 -191.686
-160.446 292.17 -191.366
-130.237 236.59 -155.093
-131.689 236.471 -155.598
-215.827 386.46 -254.49
-153.938 269.834 -176.602
-231.096 403.546 -265.469
-212.126 369.328 -243.031
-205.389 358.301 -235.673
-212.202 369.54 -243.029
-135.415 234.195 -154.549
-136.823 235.597 -155.035
-203.397 350.067 -230.42
-136.494 234.615 -154.548
-137.169 233.908 -153.977
-109.058 185.1 -122.111
-64.8364 109.263 -72.0608
-108.961 182.313 -119.378
-78.2985 131.365 -86.3984
-144.381 240.442 -158.26
-144.652 240.261 -158.315
-144.26 237.913 -156.462
-139.058 228.919 -150.701
-73.7337 120.785 -79.7109
-230.746 376.396 -248.476
-193.611 314.634 -206.309
-230.163 371.683 -245.177
-145.416 232.955 -153.302
-160.102 252.774 -165.954
-187.049 294.972 -193.571
-161.436 254.282 -167.033
-134.872 212.001 -139.82
-160.106 251.846 -165.531
-186.604 292.366 -191.403
-164.537 256.048 -168.58
-253.881 396.927 -261.701
-187.34 293.287 -192.055
-97.8828 153.016 -100.324
-254.787 396.182 -261.273
-170.085 263.691 -173.135
-167.679 259.998 -170.29
-220.378 341.143 -224.51
-164.41 254.227 -167.858
-256.986 397.434 -261.881
-256.322 396.303 -261.071
-170.074 262.521 -172.683
-166.791 257.023 -169.357
-170.469 263.084 -172.33
-168.889 260.617 -170.657
-165.017 254.156 -167.342
-169.166 260.586 -170.665
-166.098 254.759 -168.022
-207.485 316.381 -207.729
-192.649 292.836 -192.027
-209.407 317.561 -209.38
-177.152 268.226 -176.553
-208.935 316.297 -207.295
-180.542 272.473 -178.744
-70.4477 105.646 -69.5323
-180.688 272.378 -178.834
-179.357 267.558 -176.398
-263.143 393.443 -259.767
-277.649 414.729 -273.696
-199.034 297.142 -194.957
-149.161 215.662 -141.544
-123.384 177.647 -117.345
-150.378 216.539 -142.296
-246.626 354.628 -232.796
-186.249 266.141 -175.563
-82.7432 117.331 -77.0043
-83.2713 117.597 -77.1342
-265.852 374.897 -246.948
-237.44 330.264 -217.697
-77.2833 107.327 -70.4802
-262.447 363.508 -238.778
-156.539 216.265 -142.358
-206.619 284.877 -187.203
-256.1 351.735 -232.475
-158.431 216.665 -143.256
-206.9 283.504 -186.386
-153.843 206.208 -135.784
-211.742 283.769 -186
-206.867 276.407 -181.486
-86.8264 115.94 -76.1803
-113.775 151.837 -99.9354
-114.493 152.843 -100.344
-124.914 165.727 -109.614
-334.347 442.244 -290.383
-206.17 271.833 -178.389
-206.265 270.891 -178.097
-131.102 171.929 -113.307
-206.666 270.412 -177.328
-207.291 270.352 -177.387
-208.965 270.277 -178.214
-143.853 182.582 -120.787
-259.758 330.865 -218.086
-143.639 182.802 -119.866
-359.689 456.119 -301.339
-91.2236 115.495 -76.4309
-237.254 299.585 -196.578
-174.464 217.997 -143.055
-222.368 278.57 -182.754
-222.831 279.077 -182.989
-175.619 219.601 -144.229
-175.331 219.08 -144.06
-133.327 166.433 -109.802
-407.215 506.334 -333.29
-174.524 215.505 -141.818
-293.351 361.93 -238.13
-175.327 215.776 -142.408
-345.179 424.193 -279.179
-347.11 426.52 -280.67
-135.72 165.253 -108.615
-249.327 302.562 -199.293
-318.202 384.013 -253.746
-178.991 215.916 -142.272
-229.007 276.055 -181.323
-228.825 274.963 -182.069
-228.321 275.079 -180.511
-193.542 232.42 -153.742
-247.813 296.508 -194.81
-194.467 232.491 -153.922
-194.465 232.21 -153.683
-296.981 353.42 -233.215
-231.107 275.22 -181.091
-233.093 276.645 -182.451
-302.311 357.589 -236.835
-251.087 295.27 -194.456
-136.413 160.582 -106.009
-251.175 295.851 -194.555
-241.222 282.666 -187.199
-241.737 282.752 -187.294
-184.724 216.133 -142.535
-185.814 217.36 -143.344
-243.774 284.843 -188.555
-186.289 216.702 -143.168
-252.643 292.824 -193.736
-259.146 300.666 -197.529
-252.672 292.487 -192.3
-252.721 292.455 -192.284
-250.71 290.196 -190.813
-256.065 296.388 -194.534
-255.498 295.148 -194.537
-255.251 292.133 -193.585
-352.419 395.291 -260.127
-362.997 403.96 -266.11
-217.581 241.539 -158.72
-100.557 110.92 -73.4504
-249.099 274.667 -181.088
-76.3164 83.8657 -55.1182
-198.04 214.24 -141.758
-198.552 214.641 -142.069
-260.302 281.108 -186.024
-143.952 152.364 -100.848
-141.257 149.739 -98.8909
-142.088 150.413 -98.8567
-217.058 228.982 -151.895
-388.208 407.05 -269.322
-153.786 161.006 -106.506
-388.866 404.869 -268.119
-154.438 160.993 -106.106
-183.88 189.605 -124.758
-160.563 165.329 -108.645
-161.981 165.236 -109.235
-275.349 270.294 -178.831
-168.745 164.062 -108.883
-220.304 209.176 -138.967
-180.505 172.238 -113.567
-220.296 208.931 -138.776
-307.713 285.856 -189.562
-238.864 221.133 -147.029
-277.506 256.353 -170.373
-276.873 255.93 -168.689
-138.923 127.562 -84.6261
-138.605 127.009 -84.3545
-187.596 171.994 -113.474
-119.109 108.61 -71.9475
-141.811 129.095 -85.3521
-161.746 147.273 -96.9481
-179.248 162.701 -108.083
-247.82 224.782 -149.4
-288.937 262.391 -173.449
-300.475 270.425 -179.518
-346.822 312.342 -206.227
-290.476 258.231 -170.706
-200.123 177.482 -117.775
-292.057 258.975 -170.57
-232.977 204.328 -135.079
-245.147 214.476 -142.76
-245.003 214.177 -142.078
-244.057 212.576 -141.381
-244.251 212.446 -141.115
-246.504 214.447 -141.717
-234.732 203.745 -134.289
-188.258 163.676 -108.055
-246.506 213.783 -141.228
-241.88 208.842 -138.959
-237.421 205.053 -136.06
-243.605 209.885 -139.519
-240.641 207.177 -137.724
-239.151 205.776 -136.928
-238.826 198.602 -132.331
-237.936 197.98 -131.206
-231.95 191.918 -127.202
-281.365 232.429 -154.165
-284.166 234.506 -155.487
-141.23 115.269 -76.4395
-277.227 223.285 -148.888
-277.218 223.293 -148.894
-241.64 193.57 -128.307
-253.972 202.854 -134.141
-260.851 207.651 -138.187
-260.907 207.581 -138.186
-259.682 206.299 -137.134
-259.407 206.061 -136.053
-265.907 208.571 -139.04
-265.989 208.5 -139.019
-266.016 208.492 -138.98
-265.777 207.735 -138.335
-177.496 138.145 -91.7383
-266.676 208.015 -138.798
-258.267 200.85 -133.908
-268.35 208.465 -138.66
-190.266 147.435 -98.2944
-286.618 222.682 -147.068
-328.083 253.127 -167.61
-355.767 272.679 -180.037
-188.581 144.181 -95.9374
-179.449 136.872 -91.117
-172.532 131.232 -87.272
-173.262 131.818 -87.81
-162.913 123.973 -82.375
-167.438 127.052 -84.7364
-167.463 127.052 -84.6879
-274.928 208.852 -138.354
-357.723 271.294 -180.626
-328.068 249.142 -164.886
-273.163 206.94 -137.437
-153.058 115.228 -76.9128
-154.128 116.366 -77.212
-338.743 255.771 -168.899
-327.159 241.447 -160.221
-265.25 195.307 -130.364
-185.621 136.312 -90.3487
-312.964 228.457 -151.565
-147.439 107.678 -71.2909
-352.87 256.984 -169.997
-183.112 131.123 -87.6231
-291.548 207.514 -137.954
-260.888 185.887 -123.049
-319.183 226.517 -151.483
-260.22 185.068 -122.717
-330.671 232.619 -153.948
-184.471 128.608 -85.8053
-497.721 332.784 -222.456
-507.32 337.741 -225.68
-502.504 334.616 -223.089
-413.094 274.623 -183.185
-184.413 121.167 -80.6908
-249.749 163.132 -109.371
-250.243 163.477 -109.488
-182.685 116.723 -78.2811
-263.244 166.614 -110.824
-264.599 167.19 -111.322
-267.071 168.689 -112.365
-146.689 90.8467 -60.3705
-184.051 112.632 -74.9311
-185.843 113.966 -75.9114
-367.036 221.779 -147.787
-177.579 105.771 -70.2411
-277.37 165.142 -109.737
-288.695 168.661 -112.672
-322.83 186.679 -124.535
-298.173 171.921 -114.373
-210.939 121.562 -81.2216
-313.893 179.541 -119.539
-311.504 176.339 -117.769
-312.339 177.37 -118.323
-311.509 176.368 -117.714
-311.52 176.369 -117.683
-309.547 174.907 -116.464
-263.226 147.617 -98.3976
-263.21 147.624 -98.428
-263.188 147.615 -98.5024
-263.742 147.964 -98.5994
-314.261 175.451 -117.138
-301.316 167.113 -111.393
-250.688 136.817 -91.3349
-336.373 183.35 -122.182
-258.671 138 -92.0757
-258.686 138.009 -92.0202
-300.471 156.086 -104.205
-143.424 73.3025 -48.9774
266.727 274.997 -177.036
154.127 199.79 -129.394
82.9522 234.382 -150.935
82.5712 233.049 -150.71
103.91 294.53 -189.643
86.3554 244.625 -157.975
84.1009 238.123 -154.101
85.7483 243.319 -157.009
83.8427 238.147 -154.065
80.0104 227.734 -146.864
90.2239 258.129 -165.954
84.2072 240.824 -155.134
82.8615 237.275 -152.93
80.9239 232.538 -149.876
81.0775 233.643 -150.626
93.576 270.384 -174.069
62.7729 182.788 -117.583
80.8532 235.964 -152.196
82.244 244.856 -158.214
100.253 296.866 -191.035
86.7232 258.339 -166.332
86.5834 258.407 -166.526
86.455 259.999 -167.216
124.39 373.795 -242.044
179.375 534.605 -345.833
99.2477 298.916 -193.355
85.8419 258.905 -166.897
85.6345 260.368 -168.119
80.6161 245.599 -158.127
31.8931 97.7731 -63.1917
77.7301 238.49 -153.993
101.459 311.669 -201.363
45.3819 140.439 -90.8591
111.722 349.194 -225.355
75.5796 238.74 -154.212
76.9349 244.916 -158.118
77.8143 247.319 -159.811
77.1456 245.955 -159.09
73.3804 235.074 -151.517
74.0093 237.595 -153.068
74.2248 238.528 -153.361
75.232 241.806 -155.415
72.914 234.108 -151.088
73.5861 236.716 -152.112
51.1351 164.344 -106.432
74.6408 240.208 -154.856
75.0474 242.061 -155.687
75.5575 243.702 -157.022
74.4978 240.27 -154.916
107.498 347.894 -224.426
124.424 406.922 -262.984
95.7922 314.004 -202.139
50.0263 164.723 -106.363
94.5356 313.345 -201.442
122.813 412.068 -266.005
167.56 566.261 -364.543
122.017 413.503 -266.652
120.303 408.029 -263.463
120.409 409.615 -264.006
91.7526 313.147 -201.759
124.82 426.692 -275.244
119.596 404.959 -261.49
101.704 353.718 -228.271
84.565 296.285 -191.154
98.9481 347.284 -224.551
114.087 414.09 -267.828
68.8064 250.104 -161.529
40.961 148.883 -95.9844
31.777 118.298 -76.5728
43.9621 167.16 -107.596
47.9558 185.886 -120.23
93.3572 364.079 -235.489
81.1285 318.801 -206.008
76.9451 324.586 -209.993
36.9385 159.612 -102.777
70.7377 307.357 -198.464
65.8471 288.348 -186.551
108.945 495.077 -319.363
84.6986 393.573 -253.441
87.6282 417.856 -270.066
56.529 273.244 -175.597
56.5014 273.845 -176.552
56.2727 272.821 -175.892
64.5465 318.444 -205.534
61.0422 301.868 -194.667
48.139 240.892 -154.87
49.9686 258.888 -167.57
53.0584 292.098 -189.025
52.9061 292.292 -188.225
66.6315 376.203 -242.944
51.7583 297.155 -190.989
45.0708 259.396 -166.711
50.8552 295.499 -190.474
46.005 274.539 -176.605
19.1654 117.134 -75.4557
19.375 118.316 -76.0634
19.0811 116.749 -75.1859
32.6199 203.617 -131.666
32.7309 205.062 -132.193
33.104 208.725 -134.803
51.6204 327.424 -211.883
43.2786 278.574 -180.215
37.4598 242.965 -156.896
46.3588 304.827 -195.887
15.9544 105.232 -68.0022
58.3052 394.167 -253.487
45.1753 312.745 -201.343
33.4456 234.22 -151.29
43.1913 304.459 -196.832
55.0885 393.522 -253.372
27.829 198.635 -128.511
45.4313 327.094 -210.93
52.6862 392.605 -252.732
70.7664 543.142 -351.41
69.7234 541.401 -349.369
41.4205 322.721 -208.871
41.7211 325.617 -210.225
39.3875 311.12 -200.887
40.6053 320.92 -207.167
77.6033 615.157 -396.683
33.2142 266.185 -171.014
75.6536 609.296 -393.45
32.1419 259.535 -166.785
33.0966 267.617 -172.96
32.0926 260.719 -168.448
33.1473 271.069 -174.154
32.3067 264.419 -170.79
65.24 582.226 -374.921
47.1006 434.126 -279.939
24.0095 233.487 -150.492
21.153 317.971 -204.392
31.7857 490.751 -316.73
17.8473 316.541 -204.624
17.7203 316.895 -205.046
15.2025 298.385 -192.379
12.3061 245.801 -158.589
14.9687 299.528 -193.149
21.5909 440.185 -284.909
21.3959 440.528 -285.092
20.4208 441.406 -284.017
12.5245 287.762 -185.523
19.2801 443.932 -286.914
11.0772 286.582 -184.666
11.0226 288.076 -185.706
6.91739 183.456 -118.537
9.97529 288.947 -185.91
10.0196 306.443 -197.193
6.51075 203.703 -130.976
9.28367 292.273 -188.114
12.0839 385.367 -247.7
9.23228 309.944 -199.882
7.10664 297.222 -191.774
9.58157 450.129 -289.185
9.90043 495.922 -318.906
8.75033 442.028 -284.162
5.38954 307.335 -197.676
6.61995 449.172 -289.155
6.80799 452.582 -290.888
6.82778 453.738 -291.982
3.90574 305.374 -196.761
5.34536 480.532 -309.139
1.11381 100.759 -65.0898
5.12756 481.651 -309.788
2.86732 346.591 -224.193
1.9857 266.055 -172.197
1.36459 198.049 -127.421
-0.785429 302.779 -194.774
-0.723068 194.569 -125.343
-5.82432 419.928 -270.571
-3.9503 264.572 -170.553
-5.79715 382.584 -246.25
-5.85713 384.207 -247.801
-6.44179 383.182 -246.53
-5.46556 309.05 -199.713
-5.51014 310.141 -200.357
-7.24672 362.459 -234.269
-7.11514 363.022 -234.693
-6.1667 310.537 -199.634
-9.60025 387.403 -250.615
-9.49445 386.279 -249.378
-9.67708 385.365 -248.512
-9.753 389.023 -250.891
-6.56327 254.012 -163.35
-10.3502 393.058 -253.313
-10.6603 390.916 -252.021
-10.5386 384.547 -248.888
-6.20984 197.203 -127.157
-10.66 280.575 -181.569
-10.462 285.797 -184.353
-10.4399 283.804 -183.644
-11.0614 286.482 -185.281
-10.7138 277.543 -179.36
-11.2385 284.047 -183.664
-11.2444 284.055 -183.652
-11.268 284.041 -183.673
-11.2279 281.78 -182.362
-11.2612 281.24 -181.805
-15.2822 380.567 -246.249
-16.6001 374.604 -241.506
-16.7282 378.541 -244.483
-17.0601 377.602 -243.693
-17.216 375.834 -242.992
-18.7502 378.554 -243.302
-18.8921 376.342 -241.929
-19.0561 374.381 -241.594
-19.2613 375.35 -241.866
-14.3369 273.277 -176.369
-9.8806 181.251 -116.595
-15.0477 264.957 -171.005
-15.3085 276.819 -177.819
-22.0269 359.17 -232.281
-17.403 271.122 -174.617
-18.8308 280.446 -181.01
-26.4912 373.726 -241.546
-14.213 179.259 -115.524
-13.9292 179.633 -115.798
-17.3667 209.594 -134.86
-22.7017 268.693 -173.648
-23.1642 266.598 -171.987
-23.4051 265.878 -171.896
-44.0256 487.206 -313.658
-30.5209 336.711 -216.849
-30.9267 337.899 -218.341
-31.5672 342.384 -221.606
-24.6801 267.746 -172.356
-30.3009 328.125 -211.398
-24.7084 267.63 -171.876
-31.9178 343.95 -221.705
-30.9122 333.11 -214.393
-31.6712 339.799 -218.78
-38.8817 414.502 -267.414
-32.1847 342.425 -220.567
-31.9381 339.513 -218.664
-38.7657 411.786 -265.686
-32.2149 340.867 -220.032
-26.0225 266.358 -172.379
-36.5205 368.332 -237.935
-18.1959 178.859 -115.653
-18.1687 178.466 -115.433
-21.154 200.908 -129.111
-36.1066 342.334 -221.59
-46.0198 409.201 -263.262
-40.7729 350.675 -225.298
-42.602 359.686 -232.455
-14.7387 119.034 -76.8868
-32.3293 265.178 -170.615
-42.0456 342.755 -221.819
-27.0125 219.954 -141.405
-35.7121 288.05 -186.45
-44.4683 342.504 -221.259
-37.6325 289.392 -186.309
-37.7028 289.63 -186.615
-44.606 340.594 -220.247
-43.7027 323.445 -209.3
-48.4072 354.65 -228.809
-48.6951 356.644 -230.108
-48.5301 355.037 -228.743
-42.466 309.843 -199.562
-48.8069 355.822 -229.567
-28.2651 203.326 -131.164
-45.0956 323.068 -208.101
-43.0148 307.618 -197.812
-28.8923 203.402 -131.344
-43.7139 307.393 -198.569
-36.7551 257.778 -165.829
-31.9625 221.897 -143.196
-29.8086 205.123 -131.822
-31.7265 217.753 -140.426
-31.6567 215.26 -138.726
-30.0796 204.282 -131.502
-32.2746 218.8 -140.807
-69.4982 460.046 -296.187
-30.5123 201.553 -130.016
-71.4531 467.421 -301.401
-27.1332 175.788 -113.634
-41.5071 267.087 -172.487
-32.7427 206.582 -133.67
-32.5067 206.092 -132.967
-32.7776 205.443 -132.485
-32.4486 201.864 -129.806
-34.4585 203.403 -131.454
-37.2921 219.236 -140.814
-35.7871 207.252 -133.428
-91.6581 521.608 -335.359
-42.7461 235.356 -152.239
-76.0989 413.373 -267.08
-57.0943 307.187 -198.172
-61.4022 321.429 -207.891
-61.9627 323.891 -208.131
-62.6712 326.966 -210.128
-44.7575 230.558 -148.348
-38.5869 197.801 -127.64
-48.3441 236.771 -152.796
-24.2072 115.113 -74.4033
-86.9897 408.689 -264.101
-55.9792 262.628 -168.719
-56.1493 261.68 -168.249
-73.2915 337.229 -217.92
-99.8115 439.378 -283.76
-110.677 471.026 -302.668
-110.498 469.918 -302.433
-97.7093 408.623 -262.923
-49.8086 205.729 -132.998
-100.632 408.843 -262.808
-122.904 486.623 -313.512
-88.0451 345.132 -222.682
-51.7293 202.026 -130.22
-59.7406 228.954 -147.629
-60.8078 230.805 -148.578
-60.4611 230.738 -148.303
-117.753 448.459 -290.28
-76.4894 290.356 -187.115
-53.8889 203.693 -130.847
-89.0366 333.37 -215.519
-59.4727 219.826 -142.295
-59.4307 219.086 -141.27
-91.1191 334.894 -216.623
-53.5726 196.345 -126.308
-139.173 499.366 -321.631
-93.1295 332.151 -213.407
-64.5557 227.043 -146.854
-82.5213 290.016 -186.369
-93.7935 329.397 -211.97
-94.4165 330.887 -212.949
-82.6444 289.141 -186.772
-144.809 472.968 -305.071
-102.43 331.58 -213.075
-102.678 328.483 -211.214
-61.1982 196.312 -126.939
-102.36 327.641 -211.981
-62.2614 198.567 -128.388
-84.0759 262.429 -169.254
-84.0418 261.586 -169.334
-84.1804 260.679 -168.664
-165.888 512.883 -332.164
-58.3919 177.177 -114.295
-134.538 408.098 -263.54
-58.7235 177.899 -114.695
-58.7913 178.083 -114.835
-172.459 520.976 -336.575
-65.683 196.609 -126.409
-65.3246 195.506 -125.707
-80.7086 240.068 -154.288
-65.8908 195.754 -125.815
-65.9045 194.097 -125.555
-182.653 530.631 -342.92
-62.4145 179.703 -116.229
-62.138 180.247 -115.914
-61.8264 178.882 -115.1
-76.3731 219.829 -141.973
-69.6492 198.385 -127.65
-62.8991 178.485 -115.598
-154.662 439.418 -283.392
-67.6105 190.414 -122.728
-93.5555 260.472 -168.114
-150.074 417.256 -268.186
-121.031 333.796 -214.904
-121.024 333.808 -214.888
-152.789 420.828 -271.174
-40.5947 110.031 -71.0128
-97.8076 260.757 -168.247
-118.266 311.841 -201.539
-146.287 384.408 -247.92
-79.9385 203.183 -131.589
-133.518 336.164 -216.997
-161.566 406.872 -262.074
-222.964 556.832 -359.226
-81.7142 202.072 -130.345
-97.8053 241.51 -155.649
-72.7151 178.087 -114.459
-73.1761 178.92 -115.109
-161.071 383.384 -247.723
-223.133 529 -341.395
-144.987 338.168 -217.39
-144.763 336.966 -217.023
-113.264 263.804 -169.52
-140.047 325.024 -210.242
-143.595 333.888 -215.309
-145.179 337.483 -217.619
-143.909 334.317 -215.404
-143.87 334.024 -215.259
-141.764 327.072 -211.312
-144.132 330.164 -212.924
-91.8954 208.908 -135.234
-91.1522 206.09 -132.504
-89.105 199.755 -128.801
-92.1434 207.085 -134.038
-108.128 243.184 -156.756
-91.6028 205.596 -132.468
-93.7894 209.511 -135.093
-92.8611 207.336 -133.793
-153.962 341.243 -220.886
-131.79 289.767 -186.547
-107.799 233.793 -151.159
-220.835 478.198 -308.694
-93.9906 203.131 -130.659
-108.529 233.93 -150.986
-158.398 338.36 -218.167
-96.2903 205.532 -132.521
-231.136 493.28 -317.615
-159.604 338.191 -218.181
-157.043 332.434 -213.854
-161.392 340.003 -219.429
-138.787 290.54 -186.724
-101.889 210.845 -136.398
-93.09 190.509 -123.065
-206.411 416.967 -270.113
-165.225 332.269 -214.794
-168.423 337.154 -218.224
-168.119 335.977 -217.737
-168.671 337.337 -217.974
-143.183 281.065 -180.994
-137.509 265.053 -170.857
-123.89 236.793 -152.761
-172.179 328.777 -211.692
-227.687 431.692 -278.113
-198.78 372.765 -240.851
-193.51 363.108 -233.96
-127.655 238.46 -154.05
-127.711 238.531 -154.097
-84.9031 158.324 -102.497
-171.504 320.019 -206.491
-126.793 236.442 -152.819
-234.433 433.509 -280.356
-96.5028 178.251 -115.318
-268.772 483.911 -312.666
-201.832 359.714 -231.655
-163.43 292.676 -189.482
-163.522 292.882 -188.727
-56.7253 99.8127 -64.2307
-133.894 234.065 -151.639
-76.5548 133.244 -86.1092
-182.749 317.968 -205.509
-232.471 400.768 -257.858
-91.5012 155.911 -100.904
-138.433 232.552 -149.584
-148.727 248.658 -160.863
-147.858 247.725 -159.824
-146.458 245.526 -158.082
-148.23 248.141 -160.553
-139.062 231.773 -150.051
-106.103 176.343 -114.181
-217.901 361.048 -233.409
-273.482 455.816 -293.417
-71.4923 118.001 -76.2331
-188.374 310.754 -200.559
-128.399 210.666 -135.57
-227.397 373.394 -240.262
-111.648 180.052 -116.595
-113.103 182.317 -117.951
-140.538 226.376 -146.522
-131.586 211.829 -137.287
-187.788 301.597 -194.131
-186.831 298.919 -193.021
-188.566 300.811 -194.305
-200.067 316.946 -204.331
-189.522 299.44 -193.195
-190.482 299.32 -193.029
-160.631 251.508 -162.675
-190.5 298.41 -192.575
-178.88 279.425 -180.059
-179.409 278.852 -179.585
-194.808 302.205 -195.493
-175.547 272.509 -175.698
-179.115 277.291 -179.048
-194.734 300.582 -194.836
-194.79 301.06 -194.109
-194.425 299.815 -193.959
-200.637 309.28 -199.907
-190.588 293.831 -189.696
-194.629 299.63 -194.063
-194.642 299.626 -194.058
-191.72 295.102 -191.186
-194.629 299.616 -194.085
-196.317 302.863 -194.806
-196.467 302.417 -195.462
-190.277 292.672 -189.533
-190.308 292.731 -189.574
-191.848 295.041 -191.064
-192.738 296.163 -192.121
-193.439 297.803 -191.908
-257.587 395.568 -256.525
-194.038 297.989 -192.479
-196.566 301.635 -194.889
-193.67 297.187 -191.941
-177.016 271.072 -174.596
-178.246 271.675 -176.001
-204.831 314.171 -202.736
-195.584 299.69 -194.023
-196.199 300.77 -194.278
-196.253 300.948 -194.044
-257.713 394.619 -255.681
-194.792 298.237 -192.929
-204.83 313.381 -203.252
-200.389 306.414 -198.47
-175.994 268.984 -173.572
-176.671 269.392 -174.359
-257.636 390.673 -253.415
-258.2 392.214 -252.606
-198.691 299.207 -193.94
-198.671 298.999 -193.928
-180.79 272.142 -175.028
-239.877 358.816 -231.003
-211.519 315.344 -203.318
-174.618 258.33 -166.291
-192.395 280.448 -181.821
-184.724 268.419 -173.81
-207.146 295.665 -190.348
-207.933 293.202 -188.622
-190.887 267.821 -172.656
-128.208 179.705 -115.766
-203.006 282.679 -182.983
-120.872 167.28 -108.383
-208.723 290.662 -187.415
-260.968 362.076 -234.057
-210.48 291.613 -188.178
-252.432 348.609 -225.234
-156.967 216.779 -140.363
-196.893 272.198 -175.603
-252.382 348.616 -225.278
-197.298 270.79 -174.635
-210.765 288.92 -186.609
-378.483 519.124 -334.415
-200.406 272.68 -176.862
-244.358 331.913 -214.878
-161.274 219.087 -141.282
-249.555 337.715 -218.935
-245.08 331.826 -213.66
-249.152 337.149 -217.217
-231.538 313.048 -201.847
-84.0115 113.48 -73.2495
-211.667 280.915 -182.091
-194.305 256.076 -165.471
-162.751 214.041 -137.737
-206.851 271.261 -175.214
-193.155 252.818 -162.799
-196.102 256.454 -165.194
-195.199 255.257 -164.395
-148.625 194.141 -125.405
-195.932 256.167 -164.868
-168.195 219.646 -141.635
-215.223 280.617 -181.551
-197.512 257.729 -166.225
-194.579 252.552 -163.36
-213.865 277.605 -179.189
-141.308 183.268 -117.942
-217.288 281.059 -181.94
-167.712 216.747 -140.097
-141.762 182.504 -118.167
-334.003 428.346 -277.477
-345.524 443.017 -284.97
-198.101 251.509 -162.524
-200.262 252.296 -163.393
-209.891 263.942 -170.195
-199.228 249.921 -162.217
-173.22 217.744 -140.063
-351.761 441.474 -285.089
-175.753 219.325 -142.346
-171.382 213.717 -138.617
-175.236 218.482 -141.599
-227.35 283.546 -182.692
-228.012 283.602 -183.083
-247.2 307.181 -198.557
-173.749 215.997 -139.365
-351.316 436.752 -281.738
-226.1 280.047 -180.661
-174.325 215.251 -139.371
-175.776 216.953 -139.895
-291.227 357.322 -231.696
-222.957 273.936 -176.696
-227.557 278.753 -180.217
-398.978 487.203 -315.072
-191.751 235.468 -151.617
-226.795 278.086 -179.265
-222.687 272.91 -176.078
-225.799 276.261 -179.195
-181.559 221.702 -142.943
-202.063 245.984 -159.416
-295.533 359.498 -232.783
-248.543 298.583 -193.054
-248.933 298.852 -193.3
-183.21 218.809 -141.403
-252.233 296.86 -191.482
-252.69 297.224 -191.277
-302.282 354.617 -230.29
-241.395 281.613 -182.681
-241.219 280.002 -180.817
-241.334 279.83 -180.405
-145.404 164.221 -106.283
-360.245 405.568 -263.222
-303.854 340.022 -220.844
-242.607 271.395 -174.679
-146.968 163.795 -105.869
-229.002 254.617 -165.191
-434.211 479.067 -310.037
-435.996 478.809 -310.147
-435.417 476.499 -308.461
-79.5289 85.289 -55.1188
-180.694 193.929 -125.017
-250.521 266.974 -171.916
-181.891 193.558 -125.164
-250.571 266.895 -171.966
-304.089 322.86 -208.376
-81.9136 86.9873 -55.9861
-121.104 127.934 -82.7771
-269.01 282.619 -183.692
-259.796 271.319 -175.774
-155.872 162.653 -105.037
-154.082 160.134 -103.57
-153.038 159.118 -102.748
-155.01 161.009 -104.284
-155.921 161.717 -104.936
-155.743 161.46 -104.202
-204 211.492 -136.249
-193.404 200.096 -128.948
-205.73 211.926 -137.407
-255.513 262.44 -169.724
-360.94 368.91 -239.186
-183.372 187.106 -120.564
-219.282 220.044 -142.047
-209.461 207.664 -134.922
-78.3882 77.8548 -50.122
-224.071 218.598 -141.457
-262.066 255.248 -165.018
-443.009 428.986 -276.957
-106.977 102.583 -66.5358
-447.138 423.914 -274.388
-450.612 423.534 -273.736
-172.958 162.149 -105.404
-176.367 165.257 -107.286
-181.093 169.476 -109.668
-297.213 278.078 -180.121
-297.511 277.892 -180.382
-314.579 293.461 -190.766
-183.733 171.505 -110.491
-181.302 168.806 -109.652
-276.116 257.225 -166.776
-276.18 257.193 -166.719
-143.705 133.77 -86.827
-187.616 174.716 -113.218
-183.295 170.43 -110.637
-175.895 163.338 -106.084
-178.407 165.82 -107.105
-178.397 165.822 -107.119
-178.397 165.818 -107.126
-184.358 171.727 -110.661
-172.592 160.679 -103.762
-182.313 169.3 -109.501
-187.459 174.155 -112.378
-171.423 159.13 -102.889
-175.25 162.641 -105.177
-177.129 164.486 -106.082
-185.076 171.065 -111.243
-188.062 173.294 -112.373
-175.129 161.29 -104.191
-172.785 159.03 -102.844
-223.852 204.355 -132.254
-145.233 131.942 -85.4891
-101.569 91.7893 -59.319
-186.6 168.742 -109.174
-182.829 165.344 -106.577
-184.404 165.68 -106.986
-422.556 379.034 -244.685
-221.535 198.663 -128.167
-184.973 165.774 -106.776
-291.267 260.086 -168.414
-109.843 96.5618 -62.8057
-202.78 177.084 -114.876
-245.35 213.506 -138.4
-105.159 91.1065 -58.9839
-247.827 214.771 -138.896
-248.239 207.858 -134.726
-237.477 198.748 -128.764
-193.818 162.031 -104.942
-250.536 209.178 -135.104
-239.697 198.78 -128.336
-239.528 198.671 -128.336
-271.867 224.777 -145.586
-274.225 226.656 -146.502
-321.431 265.334 -171.269
-274.674 225.778 -146.968
-256.945 211.425 -136.58
-273.186 224.172 -146.058
-275.493 225.993 -146.986
-272.42 223.606 -145.135
-468.402 382.754 -249.358
-275.907 225.151 -146
-250.492 203.547 -131.255
-282.027 227.593 -148.101
-114.731 91.5949 -59.3059
-319.595 252.65 -164.614
-210.045 165.911 -107.744
-427.018 337.303 -218.007
-165.956 129.978 -84.5168
-267.61 208.82 -135.13
-138.198 108.041 -70.2365
-267.628 208.781 -135.156
-267.636 208.785 -135.132
-264.271 206.026 -133.323
-185.99 144.369 -93.7846
-185.711 144.185 -93.459
-190.229 147.44 -95.0997
-425.762 330.321 -213.483
-190.98 147.92 -96.106
-191.005 147.871 -96.1323
-191.8 148.788 -95.8987
-191.774 148.617 -96.0413
-191.774 148.628 -96.0236
-273.842 211.756 -137.783
-273.904 211.683 -137.773
-194.559 150.657 -97.2698
-183.823 141.87 -91.8315
-325.767 251.107 -163.133
-186.89 144.048 -93.3344
-329.775 253.066 -164.703
-154.619 117.991 -76.8264
-154.951 118.668 -77.0719
-189.277 145.131 -93.6805
-189.267 145.116 -93.7219
-355.557 271.623 -176.817
-252.131 187.406 -122.061
-334.12 248.485 -161.15
-311.053 232.056 -149.697
-358.242 266.046 -173.336
-440.369 324.399 -209.436
-339.059 247.852 -160.147
-300.531 219.354 -141.735
-352.437 256.932 -166.556
-318.073 227.702 -148.467
-216.216 150.033 -97.7304
-186.314 127.204 -83.0912
-181.038 123.801 -79.8957
-275.224 186.47 -121.316
-238.161 160.094 -103.766
-275.018 184.328 -120.337
-205.232 137.406 -89.0847
-180.789 120.127 -77.5823
-179.841 119.081 -77.3073
-179.959 119.312 -77.0133
-183.672 121.25 -78.9878
-263.167 172.679 -112.556
-328.613 215.189 -139.97
-219.195 142.848 -92.4221
-264.297 172.354 -112.556
-350.707 225.351 -146.74
-273.935 174.302 -113.037
-368.955 230.436 -150.685
-278.224 172.857 -112.058
-184.89 114.192 -74.3054
-102.577 63.1786 -40.8689
-102.303 62.6568 -40.7514
-197.56 120.86 -78.7457
-457.056 277.561 -181.446
-198.374 119.727 -78.2182
-203.841 122.92 -79.817
-253.96 152.947 -99.3493
-198.793 119.319 -78.0979
-246.385 147.013 -95.7095
-297.273 176.693 -115.575
-583.764 345.668 -224.034
-288.204 169.576 -110.929
-374.77 219.545 -143.475
-289.395 170.122 -111.223
-360.476 212.412 -137.609
-256.154 149.929 -97.0042
-375.505 219.055 -142.354
-376.49 219.009 -142.106
-334.423 194.165 -125.752
-305.979 177.659 -116.368
-131.181 75.9604 -49.3382
-132.804 76.7728 -49.97
-313.835 180.464 -116.728
-313.794 180.546 -116.711
-336.3 193.56 -125.269
-293.681 168.329 -110.145
-248.499 142.722 -92.4014
-319.783 182.344 -119.164
-143.11 81.1487 -53.0365
-145.204 82.2783 -53.5733
-150.374 83.8807 -54.4337
-322.067 180.563 -116.985
-149.587 83.4175 -54.3836
-182.222 100.396 -65.4054
-177.595 97.8067 -63.4367
-275.318 150.559 -98.7133
-152.864 83.5742 -54.6773
-442.498 241.501 -156.522
-437.952 238.77 -154.861
-440.95 240.152 -155.442
-368.616 198.102 -128.973
-452.913 237.893 -154.09
-234.037 121.864 -78.8778
-230.084 118.749 -77.0882
-417.571 213.835 -139.717
-145.088 74.4018 -48.3129
-300.928 152.8 -100.188
-179.186 91.0175 -59.4839
-178.397 89.3747 -58.7141
-414.771 208.531 -135.007
-301.414 152.005 -99.0701
-237.237 118.318 -77.2344
-269.617 134.851 -88.065
-238.282 118.799 -77.4612
-179.282 89.2171 -58.4474
-235.197 117.113 -75.8222
-146.162 72.0404 -47.2341
-236.578 115.862 -75.6866
-409.428 200.013 -130.167
-386.17 187.184 -121.904
-386.166 187.194 -121.902
-235.038 112.123 -73.6881
-235.041 112.121 -73.6826
-234.243 112.213 -73.125
-235.064 112.1 -73.6404
-237.15 112.817 -74.0668
-375.566 177.904 -116.071
-236.311 110.67 -72.5084
-244.955 114.282 -75.0729
-237.633 110.745 -72.6047
-240.137 111.103 -72.6597
-544.049 252.495 -163.757
-239.877 110.083 -72.4294
-402.597 184.851 -120.071
-169.771 77.281 -50.8088
-391.969 177.846 -116.554
-587.229 261.393 -170.668
-292.615 128.122 -83.4912
-152.963 66.4043 -43.064
-219.87 95.3973 -62.5806
-425.789 183.071 -120.116
-534.063 229.198 -150.693
-184.882 78.6832 -51.4317
-240.33 102.557 -66.7971
-429.31 181.234 -119.516
-426.842 180.176 -118.663
-424.775 178.351 -116.66
-185.683 77.9534 -50.5882
-407.277 167.616 -110.555
-322.982 133.11 -86.4051
-264.066 108.181 -71.1921
-543.312 223.019 -145.264
-506.903 206.411 -135.711
-355.368 144.527 -94.9662
-311.649 125.962 -83.1129
-231.841 94.1462 -61.1191
-311.524 125.951 -82.9925
-311.668 125.961 -83.0445
-429.035 173.237 -112.658
-392.141 158.013 -102.965
-386.718 155.902 -101.378
-390.967 157.552 -102.372
-429.311 171.206 -111.243
-430.1 169.878 -111.682
-430.809 169.407 -111.504
-405.554 158.676 -104.358
164.232 457.944 -291.15
62.0383 173.03 -109.939
67.5394 189.43 -120.103
83.8761 235.65 -149.381
67.0788 188.474 -119.676
67.5938 190.023 -120.515
85.1402 238.136 -151.342
66.6057 188.188 -119.136
66.0302 187.773 -119.02
61.355 175.099 -111.47
136.581 390.204 -246.6
92.8281 270.284 -171.302
122.568 359.201 -228.266
115.537 340.025 -215.088
122.38 360.301 -228.397
61.808 182.121 -115.327
61.4543 181.432 -115.06
116.905 345.214 -219.718
101.718 299.038 -189.388
80.5714 239.015 -151.91
79.0021 234.561 -149.115
78.5731 233.629 -148.42
81.0146 240.736 -152.706
146.499 437.698 -277.275
143.15 430.127 -272.419
79.0734 238 -151.494
99.2738 299.994 -189.609
106.504 325.424 -206.429
106.722 326.839 -207.336
106.064 327.73 -207.448
45.6107 140.883 -89.6701
101.608 313.915 -199.893
122.672 380.101 -241.318
55.9521 175.842 -111.703
75.2473 242.139 -153.139
76.3009 245.636 -156.078
53.4863 174.898 -110.827
73.1414 241.539 -152.97
94.2332 312.405 -197.676
46.4996 154.154 -97.7217
148.354 491.666 -312.81
49.876 166.744 -105.842
72.1343 241.327 -152.575
49.9104 166.013 -105.52
72.146 242.147 -153.138
50.3758 170.039 -107.989
65.0057 219.851 -139.144
157.434 532.951 -338.28
102.646 351.798 -223.46
100.981 345.966 -220.146
91.0689 313.838 -198.366
116.197 400.269 -254.155
116.163 402.616 -254.762
68.49 238.973 -151.226
87.0434 312.846 -198.328
88.9229 321.382 -203.643
88.8897 321.377 -203.666
89.5435 323.729 -205.07
88.9428 321.391 -203.622
86.467 311.444 -197.362
87.8763 317.896 -201.553
86.2321 312.396 -197.84
87.5635 317.251 -200.955
85.8877 311.566 -197.423
86.0878 312.551 -197.911
87.4266 318.833 -202.202
85.8574 314.004 -198.486
85.7795 314.028 -198.483
86.7808 319.637 -202.118
100.958 373.707 -236.185
84.5626 314.036 -200.016
84.7535 315.246 -200.412
84.0172 312.696 -198.486
41.6516 158.28 -100.041
79.2941 302.273 -191.102
46.86 181.094 -114.935
86.0459 337.015 -213.325
71.8832 282.08 -179.318
120.768 475.06 -301.771
78.4536 311.901 -197.182
84.6827 336.592 -214.291
77.4606 313.777 -198.76
118.684 481.04 -305.221
74.1141 305.014 -193.088
113.387 468.751 -296.293
72.6546 304.788 -193.778
67.7454 288.379 -182.54
60.109 256.354 -162.343
37.3759 162.083 -102.517
64.9981 287.495 -182.94
67.4707 304.268 -192.874
40.1845 185.703 -117.409
48.2708 233.459 -148.142
48.0582 233.848 -148.663
53.5811 261.338 -165.318
92.8469 457.887 -291.245
112.397 559.078 -354.649
50.7358 262.723 -167.03
85.0781 447.569 -284.817
62.886 338.867 -215.494
41.6002 227.791 -144.775
46.4138 259.125 -164.102
60.6827 335.744 -212.522
60.7438 337.982 -214.02
60.2121 335.837 -212.522
59.5258 336.426 -214.096
75.4161 428.07 -272.317
44.8424 256.075 -162.611
46.8674 273.348 -172.898
46.9076 273.84 -173.235
46.3936 271.899 -172.478
71.932 425.969 -269.332
43.579 260.614 -165.988
43.0523 260.56 -165.501
63.9792 398.41 -251.978
65.6121 412.573 -262.749
52.3377 336.021 -212.746
62.7443 412.087 -261.346
50.5003 331.938 -211.241
17.5102 117.781 -74.6938
28.9873 194.211 -123.41
27.6992 190.594 -120.629
21.5582 148.675 -94.4445
53.821 372.128 -236.902
36.899 265.656 -168.046
28.0128 204.442 -129.347
51.4958 385.034 -244.715
35.9685 270.33 -171.258
34.9667 264.764 -167.531
34.3562 262.846 -166.783
34.2614 261.827 -166.597
49.8671 395.266 -250.597
33.9655 268.483 -170.77
33.6715 268.341 -170.762
48.3872 384.114 -244.076
23.986 191.84 -122.187
23.7979 191.968 -121.355
39.1823 317.101 -201.127
49.9078 411.663 -261.805
65.562 544.194 -346.231
28.286 235.698 -149.207
48.6806 406.836 -257.247
37.7634 319.544 -202.196
36.538 312.657 -198.441
47.4545 406.791 -257.397
30.7683 265.313 -168.203
30.7367 264.898 -167.939
36.9164 319.001 -203.035
36.4741 315.575 -200.861
35.7479 310.734 -197.694
21.6937 190.322 -120.569
68.8879 605.824 -384.482
38.7794 342.736 -217.657
29.959 267.622 -169.34
47.1729 434.818 -274.97
28.4613 263.499 -166.759
45.9635 435.085 -275.194
44.3863 433.984 -275.127
23.5846 234.825 -149.462
30.6346 321.919 -204.414
37.2798 396.889 -252.168
21.5121 232.388 -147.837
17.4702 197.985 -125.838
17.2838 196.096 -124.246
17.4789 198.111 -126.063
45.9704 508.285 -322.002
20.1219 285.184 -180.302
22.2938 322.225 -204.327
19.8598 290.558 -184.764
19.4246 285.082 -181.225
15.3314 229.453 -145.138
18.5677 279.099 -176.734
20.6374 320.422 -202.601
6.14084 102.292 -64.8907
15.0813 246.913 -156.916
26.302 432.054 -273.998
14.9538 249.563 -158.425
17.3803 317.752 -201.705
26.9744 494.647 -314.838
13.2886 249.77 -157.88
13.2122 247.945 -156.733
8.67517 198.314 -125.699
7.95887 204.64 -129.578
18.1707 444.522 -282.448
17.1594 447.743 -283.797
7.83445 205.342 -129.843
14.4734 436.599 -276.641
14.3972 439.903 -278.476
6.07403 186.363 -117.83
8.29952 304.203 -192.858
10.631 447.229 -283.643
5.84297 248.567 -158.237
2.3241 181.777 -115.029
4.19755 349.607 -221.618
4.26028 385.927 -244.943
2.47798 295.477 -187.028
2.27552 288.862 -183.455
1.81926 289.483 -183.753
1.88336 295.131 -186.685
1.33773 289.965 -184.533
1.29779 289.45 -183.4
1.28531 369.881 -235.238
0.450925 454.911 -287.706
-0.0725584 292.639 -185.43
-0.120804 292.498 -184.976
-0.163418 292.785 -185.84
-0.287611 386.818 -244.757
-1.10115 388.708 -246.953
-1.47283 306.039 -193.68
-2.08231 265.748 -168.734
-1.47054 265.398 -168.527
-3.09258 412.485 -261.007
-2.64019 263.525 -166.83
-3.84728 255.461 -162.521
-4.47086 288.737 -183.263
-7.16934 415.628 -263.116
-4.66246 263.575 -167.055
-8.18778 383.086 -242.99
-16.6306 619.729 -394.322
-9.51967 280.517 -177.745
-10.7713 279.29 -177.593
-11.4506 288.605 -183.372
-11.3286 279.048 -177.46
-11.6088 272.631 -172.438
-12.1344 276.2 -174.812
-12.1545 273.403 -172.842
-12.7258 272.685 -172.383
-18.3451 376.441 -238.614
-14.4254 270.997 -171.374
-10.6556 197.959 -125.661
-18.7015 333.443 -211.94
-19.5949 331.325 -209.923
-17.2228 282.216 -178.607
-20.737 331.326 -210.984
-7.08895 110.66 -70.4659
-12.9347 201.762 -128.379
-14.6705 226.509 -143.928
-12.8136 187.825 -119.281
-15.5775 199.834 -126.776
-21.8207 265.075 -168.356
-22.526 267.926 -169.955
-19.5945 224.438 -142.654
-24.8301 282.596 -178.868
-48.4738 541.129 -344.32
-41.3412 460.93 -291.73
-24.4882 268.861 -170.291
-40.5116 439.398 -277.81
-20.7652 222.77 -141.163
-26.8495 287.094 -182.319
-35.6144 368.644 -234.525
-17.7506 180.269 -114.534
-29.9254 299.174 -189.928
-28.2004 266.81 -168.932
-22.9165 197.863 -125.191
-33.9973 289.459 -183.285
-42.1586 355.483 -224.655
-22.2377 179.529 -113.635
-25.5265 203.039 -128.802
-24.42 197.146 -125.229
-36.1536 290.939 -184.592
-25.4806 203.69 -129.589
-30.1954 217.137 -137.702
-27.8381 203.423 -128.687
-24.6384 178.652 -113.246
-28.1005 203.414 -129.558
-44.5114 315.486 -199.526
-31.3628 225.184 -143.122
-31.0088 222.323 -141.492
-43.7136 313.02 -198.73
-30.7893 219.848 -139.427
-30.8117 218.434 -138.613
-32.6934 231.071 -146.516
-37.4815 264.348 -167.479
-31.1176 215.561 -137.019
-37.7364 265.117 -168.333
-33.003 229.89 -146.13
-58.1538 404.259 -257.224
-33.539 231.476 -147.395
-31.7467 219.035 -139.141
-28.9747 199.762 -126.967
-26.0964 177.463 -112.771
-26.5688 177.409 -112.512
-31.6547 201.089 -127.134
-47.0739 298.225 -188.59
-65.487 404.525 -256.865
-34.4647 206.748 -131.362
-64.8859 385.551 -245.353
-40.2803 238.998 -151.537
-55.2091 307.225 -194.221
-58.8348 324.629 -206.194
-36.9971 203.665 -129.405
-56.0397 307.559 -194.869
-47.8635 257.848 -163.15
-60.1825 309.939 -196.969
-41.1329 204.081 -129.744
-85.378 410.354 -259.357
-78.3562 353.337 -224.025
-49.4317 205.182 -130.408
-50.0703 206.017 -130.559
-82.5029 339.467 -215.584
-82.3851 332.798 -210.674
-109.354 441.565 -279.15
-74.4585 297.649 -188.291
-52.0246 206.188 -130.867
-50.7743 198.881 -126.191
-50.761 197.999 -125.905
-88.0416 339.335 -215.99
-85.5882 329.604 -208.28
-88.8334 341.085 -216.207
-60.2055 230.551 -146.817
-26.7838 100.387 -63.8728
-62.8564 235.495 -149.285
-62.2048 232.743 -147.224
-61.4956 230.186 -145.599
-62.7171 234.37 -148.933
-61.6978 230.699 -146.09
-61.8891 231.357 -146.385
-62.4834 232.938 -148.087
-62.459 232.694 -147.937
-42.0574 155.449 -98.4487
-138.141 501.841 -318.232
-56.6312 204.237 -129.139
-66.6929 237.014 -150.243
-76.4881 270.258 -171.438
-103.89 362.347 -230.531
-104.27 362.367 -230.245
-77.7098 269.607 -171.136
-58.5714 198.882 -125.914
-97.9997 330.425 -210.274
-110.064 356.082 -225.963
-81.3264 259.926 -165.12
-81.9056 261.462 -165.855
-83.7176 265.425 -168.169
-84.0635 264.883 -168.117
-84.0405 264.28 -167.4
-66.3539 204.09 -129.614
-84.4901 253.993 -161.645
-85.1289 256.33 -162.176
-85.5547 257.556 -163.037
-88.8127 267.344 -169.276
-85.7064 257.346 -162.661
-88.5541 265.401 -168.334
-88.55 265.173 -168.352
-62.408 185.307 -117.69
-63.3267 187.862 -119.337
-179.139 528.448 -334.229
-87.7195 257.769 -164.027
-58.7918 169.555 -107.848
-66.1405 190.478 -121.292
-68.8035 195.878 -123.98
-69.0846 196.708 -124.411
-97.406 277.383 -175.283
-68.4972 194.685 -123.602
-66.5386 189.16 -119.816
-70.1192 199.265 -125.876
-72.6233 205.296 -129.965
-70.2696 198.858 -126.501
-152.52 427.36 -270.685
-152.341 420.283 -266.401
-71.6963 197.608 -125.539
-84.8661 232.164 -147.313
-150.969 416.415 -263.274
-42.1242 115.929 -73.6964
-146.158 400.378 -254.935
-151.968 419.053 -264.857
-42.3549 115.429 -73.3899
-85.434 232.805 -147.95
-90.063 244.735 -154.644
-73.8918 198.132 -125.619
-134.323 354.86 -224.956
-213.536 559.171 -355.598
-133.45 336.756 -214.348
-68.4134 172.194 -109.571
-135.748 340.94 -216.949
-131.004 328.886 -208.749
-81.4271 202.28 -127.783
-135.378 336.71 -213.636
-135.755 337.489 -214.477
-136.594 337.205 -213.47
-161.85 396.48 -250.651
-156.384 376.003 -237.538
-155.999 373.93 -236.271
-199.898 476.503 -301.662
-81.0038 192.379 -122.231
-84.408 196.547 -125.008
-219.164 509.656 -323.071
-101.387 235.426 -149.686
-102.062 236.696 -150.382
-145.852 337.353 -214.578
-144.884 334.51 -212.822
-147.412 340.603 -216.781
-117.982 270.471 -171.969
-152.107 346.883 -219.454
-186.789 422.899 -268.777
-152.336 344.436 -218.826
-91.8243 204.687 -130.097
-94.2837 207.797 -131.602
-97.2182 211.987 -134.073
-93.8506 205.829 -130.055
-142.067 310.334 -197.463
-152.677 333.669 -211.126
-94.5362 206.052 -131.051
-95.0147 207.051 -131.288
-95.8512 208.756 -132.486
-97.1678 211.429 -134.296
-96.4295 208.843 -132.454
-143.248 310.827 -196.616
-93.1745 201.318 -127.95
-94.5849 204.565 -129.527
-94.5833 204.24 -129.959
-95.7506 206.188 -130.824
-194.674 417.309 -263.629
-157.202 334.394 -211.594
-162.082 335.294 -213.259
-124.63 255.678 -161.911
-161.99 331.889 -209.639
-163.557 334.179 -211.653
-223.388 454.814 -289.375
-217.206 441.447 -279.9
-94.1554 190.731 -121.119
-218.008 441.341 -279.348
-168.613 339.147 -215.572
-166.098 333.146 -211.103
-168.018 336.365 -213.38
-216.837 433.917 -275.011
-145.039 288.782 -182.55
-133.082 262.721 -166.43
-132.854 262.226 -165.964
-189.43 373.97 -236.679
-160.153 315.388 -199.855
-135.024 263.823 -167.745
-134.125 262.379 -166.999
-130.371 255.518 -161.542
-132.535 259.63 -164.368
-135.672 264.631 -168.375
-135.137 263.755 -166.557
-133.772 260.677 -165.251
-132.052 257.391 -162.887
-83.4753 159.942 -101.542
-83.8692 160.801 -101.74
-83.587 160.215 -101.451
-145.914 275.645 -174.822
-96.3762 180.999 -115.121
-198.802 370.054 -233.774
-184.367 338.972 -214.434
-261.573 478.249 -304.201
-203.773 370.818 -234.329
-175.732 318.757 -201.783
-176.652 318.087 -201.357
-103.375 185.296 -117.361
-102.372 183.395 -116.257
-232.361 413.181 -262.606
-107.587 191.183 -121.448
-232.233 404.785 -256.404
-105.043 183.793 -116.893
-166.617 291.054 -185.156
-230.884 403.01 -255.947
-232.123 405.257 -256.789
-230.354 401.756 -254.928
-235.015 406.955 -257.298
-62.2048 107.609 -68.132
-62.9689 107.239 -67.7768
-213.953 362.458 -230.559
-147.183 249.396 -157.707
-216.549 360.414 -229.268
-114.286 189.279 -120.457
-114.565 189.644 -120.559
-111.937 183.393 -116.286
-145.812 233.743 -148.774
-185.91 297.696 -188.945
-156.848 249.46 -158.72
-175.415 277.283 -176.136
-206.338 327.986 -207.933
-204.424 324.942 -206.037
-176.196 279.792 -177.224
-175.352 277.348 -176.097
-190.06 300.88 -189.945
-178.155 281.615 -178.572
-254.154 401.34 -255.093
-174.599 275.71 -174.893
-76.7144 120.58 -76.3272
-171.414 268.126 -169.429
-171.494 267.492 -168.829
-191.908 298.918 -189.553
-176.805 275.149 -174.26
-248.458 384.921 -243.793
-189.08 292.266 -186.063
-173.759 268.585 -169.71
-352.99 541.792 -342.459
-174.253 268.89 -169.829
-178.571 275.395 -173.86
-164.942 252.304 -159.442
-191.608 292.192 -185.573
-181.678 275.808 -174.223
-176.113 265.603 -168.849
-191.235 288.507 -182.646
-76.5246 115.016 -72.9677
-77.6297 116.505 -74.1443
-140.098 210.305 -132.746
-145.634 216.283 -137.11
-78.0517 115.886 -73.3126
-141.877 208.861 -132.718
-176.768 258.644 -163.982
-176.192 258.611 -164.22
-182.067 264.404 -167.274
-181.444 263.397 -166.794
-250.124 351.094 -222.61
-252.535 354.549 -225.201
-198.386 276.588 -175.104
-85.9728 117.686 -74.8323
-228.634 312.554 -197.619
-131.323 178.635 -113.289
-208.883 281.523 -178.971
-229.106 307.479 -195.337
-214.375 287.258 -181.376
-285.102 379.526 -240.097
-162.808 216.252 -137.083
-172.861 228.769 -145.322
-89.8673 118.783 -75.2618
-89.8869 118.776 -75.2495
-138.22 182.563 -115.39
-214.14 281.741 -178.274
-187.994 246.922 -156.725
-149.444 193.433 -122.905
-149.472 193.406 -122.913
-149.452 193.403 -122.942
-194.619 251.948 -160.268
-201.953 260.304 -164.849
-247.879 317.513 -202.065
-220.079 279.817 -178.095
-190.079 242.062 -152.844
-221.051 281.073 -178.189
-92.7131 117.339 -74.4504
-228.638 283.91 -180.126
-338.866 422.084 -267.786
-173.482 214.68 -135.63
-245.721 303.734 -192.316
-174.553 216.172 -136.581
-342.356 421.543 -267.565
-136.649 168.444 -106.93
-175.593 214.601 -135.606
-222.686 270.309 -170.535
-221.968 268.124 -169.912
-298.094 358.479 -228.256
-250.457 301.911 -190.677
-298.176 358.429 -228.228
-144.854 174.46 -110.191
-248.429 297.799 -189.258
-249.63 297.833 -188.918
-252.365 299.931 -190.832
-174.887 207.038 -131.255
-288.157 339.935 -214.878
-267.951 310.099 -196.777
-337.552 387.987 -246.443
-373.948 418.476 -263.972
-199.97 221.537 -140.93
-307.502 339.938 -216.148
-308.658 340.541 -215.383
-201.611 221.614 -140.968
-77.6213 84.7564 -53.7477
-335.227 364.388 -230.168
-180.156 195.186 -124.066
-179.93 194.874 -123.768
-263.373 284.499 -179.992
-263.023 284.185 -179.494
-336.386 363.253 -229.266
-80.9682 86.1524 -54.8698
-387.335 413.647 -263.087
-81.2278 86.3811 -54.9495
-81.2139 86.362 -54.7763
-153.152 162.508 -102.668
-336.428 353.392 -223.025
-258.071 270.295 -171.742
-258.098 270.325 -171.654
-157.546 164.342 -104.001
-153.851 159.415 -101.307
-197.33 204.742 -129.506
-145.554 151.109 -95.2929
-315.917 326.407 -207.62
-190.477 196.407 -124.505
-317.371 326.21 -207.364
-185.101 188.676 -119.604
-184.615 187.815 -119.525
-127.697 129.824 -82.6074
-220.604 222.656 -140.678
-209.299 209.986 -132.783
-78.9282 78.9685 -49.8621
-196.273 194.722 -122.932
-165.219 162.744 -103.006
-165.223 162.739 -103.007
-166.035 163.896 -103.437
-167.106 163.974 -103.686
-138.558 134.604 -85.6723
-440.829 427.704 -271.997
-137.305 132.111 -83.6524
-104.526 100.528 -63.6587
-237.246 228.161 -143.954
-257.197 244.182 -154.597
-295.752 278.151 -177.041
-442.375 415.983 -264.461
-449.529 422.731 -268.573
-293.348 273.401 -173.133
-107.63 100.353 -63.3413
-142.404 132.64 -83.652
-454.136 421.118 -265.454
-461.432 426.561 -269.093
-191.703 176.845 -112.021
-181.271 167.382 -105.519
-406.54 373.809 -237.718
-406.548 373.81 -237.702
-294.693 271.338 -171.672
-126.274 116.029 -73.7628
-181.065 166.247 -105.468
-157.364 144.63 -91.1906
-189.509 173.068 -109.639
-185.027 168.714 -107.404
-248.07 225.701 -143.542
-101.127 92.1863 -58.1781
-423.606 385.064 -244.046
-457.866 415.653 -262.538
-305.763 274.813 -174.462
-421.797 380.433 -240.804
-236.447 211.27 -133.452
-203.104 180.926 -114.229
-277.892 246.806 -156.752
-277.948 246.732 -156.769
-461.799 410.425 -259.537
-245.325 216.371 -136.758
-146.814 128.973 -81.3955
-213.076 186.833 -118.352
-244.55 213.357 -135.378
-233.702 203.811 -129.25
-233.685 203.837 -129.239
-235.953 205.895 -130.528
-256.899 224.665 -142.845
-248.656 217.533 -137.539
-247.628 216.72 -136.785
-240.745 210.284 -133.614
-247.149 215.705 -137.172
-247.157 215.729 -137.118
-244.523 213.369 -135.407
-244.554 213.337 -135.401
-239.149 208.45 -132.374
-235.215 205.05 -129.914
-229.996 200.275 -127.368
-267.988 225.965 -142.58
-270.295 227.597 -143.669
-268.891 226.094 -142.8
-269.532 226.053 -143.443
-160.092 133.617 -84.5916
-159.921 133.476 -84.4885
-266.352 221.332 -139.537
-257.596 213.298 -135.647
-267.098 220.012 -139.221
-123.911 101.983 -64.6161
-278.921 229.956 -144.813
-178.764 146.727 -93.3865
-150.293 123.352 -78.2965
-232.74 190.902 -121.358
-281.154 229.827 -146.153
-233.855 190.954 -121.01
-249.566 202.879 -129.071
-271.862 220.812 -140.444
-255.652 207.51 -130.64
-180.216 145.304 -92.0851
-327.156 260.422 -165.369
-244.186 193.419 -122.796
-263.987 208.487 -132.689
-174.833 138.13 -87.5279
-187.726 147.615 -92.939
-188.124 148.391 -93.9151
-189.949 149.35 -94.8088
-172.472 135.776 -85.6032
-268.88 210.836 -133.787
-202.151 158.468 -100.276
-351.634 275.417 -174.62
-202.15 158.172 -99.8599
-202.497 158.046 -99.5079
-284.565 221.74 -140.281
-185.257 144.095 -91.1921
-185.909 143.985 -91.0894
-289.7 224.094 -141.771
-275.612 212.901 -135.359
-155.725 119.868 -75.9659
-189.664 145.977 -92.2201
-278.072 213.477 -134.708
-189.362 145.077 -91.5831
-301.034 224.22 -142.147
-438.737 328.396 -206.877
-258.442 192.93 -122.461
-182.405 135.994 -85.723
-300.814 222.009 -141.362
-301.447 222.336 -140.844
-211.384 155.026 -98.2294
-338.314 246.63 -155.28
-338.324 246.646 -155.232
-328.239 238.185 -150.585
-148.176 107.047 -68.0588
-315.795 224.789 -141.746
-249.061 177.047 -111.409
-215.36 151.94 -96.4841
-345.566 241.402 -153.554
-171.991 120.147 -76.0874
-180.69 125.026 -79.2155
-189.766 131.263 -83.3555
-188.633 130.202 -82.8134
-188.996 130.485 -82.9631
-336.545 231.718 -147.325
-234.141 158.454 -99.6121
-397.162 266.637 -169.35
-223.728 148.402 -93.3386
-262.942 172.379 -109.58
-263.21 173.5 -109.251
-263.625 173.289 -110.046
-228.117 149.32 -94.7609
-214.127 137.406 -87.0535
-222.638 142.01 -89.3926
-223.465 141.084 -88.9657
-527.501 331.356 -209.475
-211.739 132.461 -84.0647
-242.447 150.507 -95.6508
-255.203 157.364 -100.157
-256.479 158.016 -100.629
-252.945 154.736 -98.4207
-174.444 106.469 -67.4656
-281.724 171.907 -108.363
-367.161 223.519 -140.812
-369.008 224.126 -142.133
-220.52 134.066 -84.4655
-329.907 198.509 -125.193
-371.358 223.057 -141.486
-329.465 197.81 -125.608
-246.893 147.722 -94.051
-122.991 73.2389 -46.3278
-286.291 170.962 -108.116
-289.825 170.024 -107.067
-376.938 219.061 -139.419
-432.187 251.165 -157.75
-214.435 123.981 -77.8602
-134.606 77.1393 -48.832
-101.981 58.3431 -37.0761
-148.474 84.6097 -53.46
-145.32 82.5794 -52.4148
-383.232 218.799 -138.304
-145.397 82.9104 -52.3426
-384.69 218.768 -139.275
-143.449 81.5623 -51.6138
-447.467 254.416 -160.059
-149.554 84.3048 -53.1945
-152.266 85.7732 -54.1475
-150.492 84.4104 -53.2763
-143.264 79.9378 -50.8384
-143.278 79.9008 -50.8536
-143.31 79.8512 -50.844
-325.589 181.664 -114.303
-183.985 102.136 -64.9176
-187.48 104.081 -66.1445
-181.831 100.877 -64.1989
-183.217 101.413 -64.4814
-178.118 98.6938 -62.054
-442.336 244.218 -155.421
-145.698 80.4364 -50.6945
-353.144 192.958 -122.559
-143.741 78.4783 -49.2618
-144.61 78.7311 -49.6946
-262.629 141.553 -89.3347
-266.453 142.728 -89.9981
-265.209 142.158 -89.4014
-182.242 97.3926 -61.6451
-443.916 234.967 -149.308
-145.919 76.8795 -48.7669
-364.736 191.978 -121.65
-203.945 106.438 -67.5659
-379.827 198.917 -124.842
-202.742 105.499 -67.037
-204.679 105.988 -67.4845
-556.544 287.148 -180.937
-381.467 197.536 -124.609
-191.357 99.0379 -62.3691
-457.163 236.732 -148.807
-327.711 168.689 -106.24
-164.882 84.4452 -53.1489
-417.762 211.859 -134.151
-269.673 136.564 -85.9269
-206.479 104.216 -65.8886
-236.662 117.4 -73.8085
-319.794 158.598 -100.972
-335.697 163.755 -103.211
-214.213 103.862 -65.3994
-236.926 114.284 -72.0049
-178.012 85.3563 -54.3342
-236.46 112.44 -71.3609
-204.938 97.6857 -61.4615
-364.547 171.675 -108.798
-491.302 229.861 -146.359
-209.111 97.4842 -61.346
-209.386 97.5854 -62.0191
-221.115 102.006 -63.9491
-546.382 252.38 -159.082
-222.347 101.434 -63.583
-221.086 100.199 -63.1464
-223.715 101.135 -64.3557
-420.645 186.565 -117.862
-424.743 188.185 -118.952
-420.284 186.167 -117.753
-496.979 219.21 -137.267
-496.508 218.267 -137.103
-294.997 128.93 -81.7151
-330.629 141.601 -90.0111
-327.771 140.368 -88.9397
-499.188 214.843 -135.455
-195.683 83.7993 -52.854
-178.124 76.0832 -48.2962
-526.458 222.635 -139.78
-233.921 96.5557 -61.0332
-241.752 96.4924 -60.7037
-259.33 102.636 -64.5649
81.5135 233.179 -145.556
82.139 235.681 -147.208
40.8784 118.885 -74.2584
63.7801 186.471 -115.99
133.199 391.409 -243.933
92.2422 271.103 -169.594
91.8564 270.1 -168.679
63.1057 186.52 -116.683
83.843 256.518 -160.218
130.354 399.371 -249.778
111.702 344.223 -214.95
130.412 406.823 -253.655
55.9255 174.899 -109.015
56.9316 179.954 -112.476
89.921 284.552 -177.973
55.6481 176.688 -110.266
116.731 372.54 -231.737
30.6698 98.5691 -61.3527
83.1503 266.659 -165.712
76.0744 245.971 -153.061
75.933 243.699 -152.054
75.7879 246.202 -153.083
75.1153 247.578 -154.612
52.5891 172.336 -107.349
107.771 354.049 -220.228
74.0284 243.061 -152.066
107.98 355.415 -221.949
108.774 358.014 -223.542
76.7178 253.308 -157.647
46.4333 155.59 -96.7247
75.4951 252.082 -157.806
103.503 347.539 -217.213
91.2251 306.244 -191.558
71.992 241.715 -151.152
104.102 349.917 -218.855
70.7831 242.191 -151.65
89.341 306.523 -191.558
67.2579 241.609 -150.165
81.6566 299.834 -187.268
123.805 480.173 -300.342
80.5206 309.365 -192.898
73.5169 286.834 -178.992
79.5761 312.87 -195.932
118 476.115 -296.702
118.366 475.765 -295.886
84.2713 342.568 -214.283
69.2736 284.605 -178.197
67.7496 280.347 -174.873
70.0014 292.959 -182.347
98.4526 424.806 -266.029
74.6488 322.73 -201.761
50.4371 229.457 -143.757
109.226 498.03 -310.088
54.2955 262.617 -164.521
46.1719 227.122 -141.197
56.0216 292.838 -183.306
55.7052 291.602 -182.323
56.0729 297.915 -186.03
49.4958 263.788 -164.744
44.4572 256.118 -160.475
73.6114 433.99 -270.326
59.8363 361.63 -225.762
41.8333 256.862 -160.649
34.8251 212.088 -132.455
31.1924 190.313 -118.464
42.1227 258.652 -161.521
42.2875 261.065 -163.571
42.3537 261.821 -163.878
55.6887 344.576 -215.559
55.2432 343.78 -215.164
51.6695 331.253 -207.248
68.1845 475.213 -296.17
73.8981 552.439 -343.742
73.1913 553.159 -345.192
25.2239 194.931 -121.369
25.3333 196.658 -122.522
38.3712 323.013 -202.194
28.0963 237.582 -148.114
37.8794 322.46 -200.528
13.8501 118.63 -74.1584
56.2321 487.191 -303.02
21.2526 190.681 -118.899
36.1885 328.299 -205.649
26.1292 237.816 -147.958
25.9949 237.302 -147.755
21.1481 196.231 -122.307
27.411 264.943 -164.789
27.0094 260.903 -162.28
18.1182 172.485 -107.834
27.2761 261.54 -162.913
26.5348 261.286 -162.981
31.2879 309.335 -192.852
30.943 307.207 -191.472
18.5253 192.294 -119.963
18.5764 194.087 -121.057
22.1924 247.809 -155.005
21.1668 254.757 -158.997
42.3021 511.149 -319.622
32.478 414.844 -259.617
30.0212 371.144 -231.361
32.5146 410.963 -256.964
19.9026 266.398 -166.209
17.07 237.623 -147.784
10.9222 152.435 -95.3827
19.3875 291.791 -182.761
19.0337 288.385 -180.152
14.6289 238.334 -148.548
16.739 300.969 -188.436
15.8035 302.769 -188.314
12.5339 241.187 -150.826
16.159 316.857 -198.418
11.7838 243.133 -152.09
11.6334 243.16 -152.28
9.24115 195.835 -122.508
9.05713 195.03 -121.375
8.28418 196.815 -122.435
12.042 312.216 -194.175
7.77644 203.467 -127.02
5.70593 187.059 -117.13
13.6369 449.779 -281.674
19.427 623.136 -388.063
11.7623 448.938 -279.678
12.0037 426.456 -265.431
12.07 450.46 -281.311
11.6664 449.136 -280.623
5.23519 205.756 -128.627
4.47503 190.608 -118.982
10.6807 454.192 -282.518
3.87982 206.09 -129.125
5.0989 422.773 -264.212
4.76897 421.146 -263.535
4.04131 372.112 -232.074
0.750627 185.362 -115.355
0.652644 210.163 -131.008
0.217851 230.323 -143.484
-3.01005 462.018 -287.327
-1.37403 197.21 -122.656
-3.32339 460.181 -287.32
-3.87815 285.586 -178.287
-8.06796 597.89 -372.937
-3.16833 184.094 -114.658
-5.15328 278.536 -173.323
-7.62835 389.333 -242.37
-6.98059 267.483 -166.633
-8.63179 278.053 -173.791
-12.6964 386.086 -240.992
-10.4043 272.404 -169.982
-11.3957 269.427 -167.591
-15.2082 384.415 -240.494
-15.8598 383.987 -240.006
-12.4221 274.566 -171.109
-10.7568 252.631 -158.154
-12.9257 269.958 -169.018
-12.9612 269.472 -168.861
-19.178 374.774 -234.837
-18.6021 373.443 -233.358
-21.8312 419.512 -261.421
-14.1916 265.839 -165.721
-15.5675 261.466 -162.717
-12.3853 196.606 -122.59
-18.5481 283.787 -177.066
-14.7314 212.203 -132.098
-35.4499 495.785 -308.597
-36.1036 498.78 -312.242
-8.07167 111.199 -69.5334
-25.0944 341.03 -212.873
-36.9786 499.151 -311.011
-25.4503 341.603 -212.915
-25.892 334.874 -209.773
-28.295 363.65 -226.883
-27.0631 341.608 -214.001
-29.6558 362.901 -226.059
-30.169 361.765 -224.974
-29.8413 325.252 -202.954
-19.1454 203.191 -127.14
-51.2655 526.301 -328.73
-34.9409 364.421 -228.362
-28.1513 288.489 -179.713
-36.1608 360.341 -225.249
-29.4832 290.653 -181.998
-34.7622 338.566 -211.195
-55.2621 525.314 -327.17
-38.464 358.545 -223.052
-28.9056 267.231 -166.796
-38.44 353.74 -220.956
-39.0457 356.954 -223.502
-30.2179 268.561 -168.023
-24.9825 219.128 -136.637
-22.9468 198.322 -124.262
-23.2819 199.243 -124.151
-23.3592 198.85 -124.05
-42.1605 356.323 -223.096
-23.8656 201.682 -125.774
-26.9432 225.375 -140.764
-26.9311 223.045 -138.759
-19.4824 159.675 -99.582
-25.4344 207.959 -129.62
-25.7625 210.397 -131.441
-43.1346 351.342 -219.7
-35.3626 283.98 -177.295
-24.6587 200.436 -125.501
-21.7914 176.275 -109.959
-68.5426 552.763 -344.037
-25.5889 201.568 -125.808
-26.095 207.35 -128.902
-25.953 205.036 -127.539
-36.0469 280.847 -174.721
-26.1954 203.017 -127.069
-34.5087 265.918 -165.372
-36.2993 281.392 -175.079
-22.9444 175.305 -109.656
-29.4687 224.21 -140.436
-27.9787 209.149 -130.805
-27.9955 208.606 -130.433
-29.9613 219.697 -137.383
-16.2597 119.032 -74.3042
-28.5935 210.357 -131.016
-30.1547 220.544 -137.908
-41.5443 298.525 -186.746
-41.4982 297.188 -185.184
-47.8073 341.676 -212.527
-45.266 322.854 -201.738
-31.0016 220.493 -138.059
-28.9805 203.448 -126.888
-29.6396 205.572 -128.414
-30.2888 209.204 -130.929
-39.0913 265.353 -165.025
-30.2071 208.23 -130.23
-49.39 340.543 -212.487
-30.001 205.172 -128.214
-29.8516 203.922 -127.549
-39.4289 264.327 -165.165
-26.4045 174.657 -108.617
-47.0783 300.351 -186.98
-42.4701 265.242 -164.986
-53.9114 332.584 -207.966
-49.2212 299.898 -187.752
-30.913 187.725 -116.999
-34.5092 204.008 -127.636
-34.5462 201.755 -126.097
-52.9661 308.153 -192.688
-34.4608 199.737 -125.101
-44.6018 258.676 -160.971
-35.3995 204.575 -127.649
-33.1148 189.754 -118.51
-35.2961 200.683 -125.333
-35.647 192.389 -120.232
-48.1415 259.201 -161.215
-64.2343 318.017 -197.94
-42.9344 205.283 -128.374
-41.018 195.071 -121.381
-35.4622 168.357 -105.251
-41.489 194.43 -121.103
-70.4468 324.404 -203.203
-42.9006 195.303 -121.903
-36.8097 166.75 -104.257
-78.5523 355.231 -220.972
-93.1487 420.149 -262.059
-45.1394 201.777 -126.197
-45.5123 203.235 -126.548
-80.7819 356.088 -221.873
-46.933 205.988 -128.48
-69.8141 305.101 -190.356
-70.8232 306.46 -190.936
-48.1604 205.458 -128.445
-57.4167 236.979 -148.238
-74.4439 300.472 -187.769
-69.7357 275.092 -171.754
-88.0935 341.305 -213.151
-88.1898 340.985 -212.846
-40.6181 154.326 -96.3185
-79.0466 299.904 -186.983
-62.0037 232.394 -144.584
-54.0092 201.612 -126.223
-80.3329 300.028 -186.972
-67.648 250.522 -155.823
-79.411 291.562 -181.753
-80.1263 293.793 -183.242
-55.4462 198.687 -123.682
-56.0401 199.198 -124.111
-55.9943 197.555 -123.053
-58.6971 197.382 -122.823
-58.9903 197.167 -122.937
-128.062 427.829 -265.757
-59.4228 197.417 -123.431
-104.472 332.555 -207.929
-110.88 353.109 -219.788
-104.913 330.683 -206.559
-104.405 328.944 -205.073
-50.2328 155.642 -97.1569
-84.839 261.787 -162.638
-86.7267 260.872 -162.34
-86.7752 259.36 -162.372
-62.5706 186.874 -116.893
-86.9448 259.005 -162.113
-87.6858 260.916 -163.352
-172.577 513.268 -319.799
-83.3614 245.782 -153.137
-85.8078 253.205 -157.556
-180.599 531.344 -331.934
-172.335 506.997 -314.905
-90.6049 264.69 -165.706
-68.8277 201.59 -125.206
-88.401 258.508 -161.272
-87.0255 254.183 -158.91
-67.7671 194.112 -121.397
-126.56 361.319 -225.4
-81.7439 232.307 -144.974
-69.7114 197.21 -123.368
-69.3441 196.208 -122.141
-152.164 422.362 -262.753
-133.898 368.779 -230.888
-95.7371 263.857 -164.657
-90.4967 248.72 -154.973
-90.2572 247.228 -153.993
-70.1808 191.748 -119.181
-92.5976 250.978 -156.717
-67.0034 181.635 -112.796
-91.7512 248.211 -155.227
-74.8216 200.975 -125.415
-67.0438 180.129 -112.306
-90.2675 241.397 -150.757
-100.361 267.254 -166.203
-69.1394 183.495 -114.111
-90.3558 237.94 -148.782
-136 357.68 -222.178
-207.243 542.272 -337.741
-217.304 562.291 -351.186
-105.327 266.845 -167.046
-72.0004 182.134 -113.792
-97.4193 246.512 -153.718
-98.4269 246.246 -153.498
-82.3303 205.312 -128.272
-82.3303 205.299 -128.294
-141.533 346.452 -216.191
-71.9804 174.816 -109.367
-142.4 346.12 -216.182
-46.982 113.86 -71.2056
-126.606 302.602 -188.471
-141.339 333.738 -208.401
-159.114 374.384 -233.94
-167.713 392.905 -245.073
-87.5136 204.766 -128.009
-143.667 334.619 -208.519
-144.33 333.512 -207.013
-228.097 522.498 -326.07
-76.4153 173.885 -108.783
-106.619 242.963 -151.062
-49.6029 112.715 -70.0439
-76.1638 172.22 -107.598
-174.493 391.095 -244.695
-149.468 332.755 -207.433
-114.844 255.392 -159.79
-76.1149 168.699 -105.416
-82.372 180.72 -112.479
-152.226 333.364 -208.485
-139.946 305.383 -190.215
-140.12 305.027 -189.292
-96.1358 208.044 -130.185
-168.343 364.306 -226.815
-194.6 409.197 -254.843
-197.257 409.759 -254.319
-196.918 409.995 -254.641
-142.223 295.587 -184.551
-111.921 230.368 -143.277
-111.43 229.011 -142.519
-145.354 298.382 -185.161
-189.982 386.706 -241.137
-164.695 334.252 -209.176
-167.32 337.233 -210.488
-52.8697 105.485 -65.5399
-159.406 315.91 -197.46
-134.376 265.505 -165.744
-170.399 334.971 -208.439
-119.423 234.29 -145.395
-149.792 290.524 -181.782
-149.804 290.549 -181.733
-151.741 290.357 -180.546
-212.181 405.265 -251.536
-124.699 236.772 -148.123
-155.123 292.768 -182.671
-163.388 302.704 -188.983
-201.249 370.968 -231.929
-178.105 328.49 -204.603
-196.039 359.809 -224.189
-160.544 293.455 -182.896
-311.208 562.628 -351.809
-188.475 340.373 -212.187
-182.28 324.92 -202.385
-209.204 372.612 -232.346
-228.994 403.643 -252.093
-238.532 411.347 -256.414
-101.474 172.225 -107.56
-214.176 362.797 -226.229
-110.359 185.453 -115.511
-216.706 364.285 -226.564
-150.49 252.287 -156.379
-183.843 305.608 -190.346
-142.048 236.843 -147.856
-144.054 238.712 -148.255
-182.672 301.145 -187.383
-183.173 298.622 -185.731
-145.217 235.855 -146.151
-240.14 388.195 -240.76
-201.398 326.293 -202.29
-143.721 231.524 -144.195
-183.878 296.29 -184.062
-73.4985 118.199 -73.706
-197.185 316.135 -197.336
-75.9393 121.437 -75.6433
-76.3474 121.719 -75.9113
-145.548 232.022 -144.407
-75.0873 119.446 -74.3449
-259.31 408.982 -255.357
-191.534 301.577 -187.338
-198.215 310.168 -193.627
-200.436 313.267 -195.586
-202.204 311.854 -194.528
-76.0825 115.243 -71.8807
-111.832 169.188 -105.263
-111.575 168.796 -105.01
-72.7721 109.742 -68.431
-170.128 256.115 -159.343
-183.797 271.898 -168.572
-147.268 218.733 -135.65
-191.447 281.839 -176.101
-200.979 294.896 -183.892
-213.755 312.635 -193.685
-144.755 210.177 -130.339
-222.653 324.152 -201.955
-222.243 323.052 -201.69
-236.176 334.142 -208.59
-188.343 265.931 -165.639
-238.787 336.899 -209.675
-156.133 220.516 -136.601
-294.336 410.865 -256.549
-296.277 413.194 -256.703
-202.712 282.259 -175.9
-192.215 267.793 -165.839
-129.821 180.738 -112.099
-196.852 273.264 -169.561
-85.8528 119.168 -73.8333
-205.345 284.542 -177.021
-307.054 424.003 -263.479
-201.566 275.671 -171.272
-178.048 242.23 -150.211
-131.723 179.237 -111.156
-198.913 271.641 -168.698
-204.604 278.856 -173.564
-133.151 181.239 -112.498
-194.636 264.706 -164.102
-209.785 284.258 -177.432
-209.638 284.171 -177.01
-210.528 284.945 -177.906
-207.288 280.8 -174.768
-164.309 222.093 -137.594
-215.472 288.987 -179.984
-204.384 272.187 -169.02
-137.211 183.215 -113.957
-231.134 308.49 -191.375
-136.772 182.327 -113.513
-163.117 217.073 -135.598
-213.397 284.235 -176.307
-205.011 272.646 -169.554
-205.785 272.206 -170.059
-203.151 269.626 -167.94
-204.477 271.393 -169.068
-232.604 308.3 -191.537
-213.709 282.576 -175.403
-214.761 283.728 -176.402
-151.574 200.127 -124.274
-208.036 272.274 -169.379
-216.72 283.398 -176.45
-192.979 252.065 -156.156
-351.486 451.579 -279.958
-345.286 438.056 -271.834
-201.437 254.775 -158.022
-177.923 224.702 -139.32
-180.924 226.451 -140.082
-223.639 280.736 -173.754
-119.813 149.903 -93.586
-224.463 280.117 -174.744
-249.25 303.963 -188.693
-251.307 306.35 -190.064
-249.772 304.223 -189.009
-235.167 286.682 -177.286
-195.533 237.753 -147.712
-185.72 224.209 -139.57
-184.669 222.331 -138.558
-184.179 221.491 -137.396
-301.504 354.067 -220.532
-190.652 220.566 -137.217
-297.379 337.939 -210.216
-168.721 191.941 -118.864
-73.2075 81.0909 -50.2205
-115.406 126.234 -78.6767
-274.985 300.333 -187.014
-156.663 161.983 -100.96
-184.068 185.86 -115.661
-159.767 161.233 -100.307
-183.625 184.304 -114.255
-185.047 185.011 -114.178
-249.443 247.348 -153.358
-308.391 303.362 -187.684
-187.478 182.483 -113.528
-78.6713 76.5548 -47.2756
-424.033 410.111 -253.468
-425.061 410.913 -253.562
-281.099 271.003 -167.467
-414.815 397.064 -246.911
-180.468 172.417 -106.82
-142.434 135.397 -83.626
-178.123 167.205 -103.381
-188.309 175.267 -109.067
-189.403 176.42 -109.407
-187.797 174.793 -108.442
-175.013 162.427 -100.709
-300.031 277.835 -172.232
-145.319 133.842 -83.2957
-145.363 133.903 -83.2572
-183.892 167.787 -104.394
-275.496 249.748 -154.771
-340.371 309.001 -191.946
-184.727 167.49 -103.568
-274.214 248.338 -154.003
-184.217 166.689 -103.522
-273.971 247.992 -153.76
-342.51 309.263 -192.248
-186.791 168.588 -104.969
-273.844 246.868 -153.095
-244.243 219.374 -136.066
-202.02 180.748 -111.969
-201.766 180.583 -111.689
-202.039 180.728 -111.967
-186.361 165.113 -102.488
-209.744 184.717 -114.713
-216.861 190.469 -118.364
-216.892 190.434 -118.363
-222.808 195.748 -121.582
-190.173 162.038 -100.757
-275.226 229.895 -142.635
-263.391 218.249 -135.713
-174.841 142.305 -88.4182
-269.262 217.834 -135.315
-269.715 218.042 -135.34
-163.476 130.05 -80.8684
-270.825 212.612 -132.188
-204.059 159.062 -98.4793
-203.112 157.954 -97.6684
-324.824 250.573 -155.639
-292.596 225.117 -138.898
-175.846 134.957 -83.8873
-226.97 171.044 -106.18
-265.947 200.356 -123.109
-247.181 185.851 -114.169
-191.98 143.621 -88.6494
-191.722 143.215 -88.1353
-311.734 232.192 -143.697
-350.206 261.242 -161.113
-309.12 228.782 -141.85
-303.945 224.727 -138.856
-246.708 182.041 -112.414
-248.75 183.372 -113.521
-305.558 225.465 -138.864
-304.023 224.198 -137.789
-190.14 136.757 -83.9526
-315.271 225.397 -139.394
-249.839 178.366 -110.139
-250.002 178.428 -110.074
-210.899 149.846 -92.8545
-368.088 260.632 -161.668
-166.139 117.185 -72.3574
-164.15 115.586 -71.1803
-164.223 115.488 -71.4109
-252.4 176.148 -109.324
-212.07 148.054 -91.5794
-210.844 146.952 -90.6909
-213.726 148.72 -91.6591
-211.667 147.28 -90.7527
-219.963 153.054 -94.1656
-214.93 149.529 -92.0576
-445.897 308.936 -191.447
-215.047 148.34 -91.8021
-189.53 130.608 -80.9499
-253.222 174.613 -107.266
-213.065 145.698 -89.9152
-165.516 113.083 -69.3799
-274.888 186.227 -114.592
-338.81 227.4 -139.715
-495.222 326.791 -200.506
-129.218 84.1878 -51.7175
-341.586 220.503 -135.616
-130.467 83.3655 -51.265
-219.321 140.023 -85.7729
-240.829 153.093 -94.5663
-216.63 137.578 -84.6342
-219.463 138.748 -85.931
-219.96 139.497 -85.3108
-241.816 152.209 -94.178
-209.726 131.402 -80.7624
-303.813 190.304 -116.52
-211.26 131.14 -80.7118
-121.461 75.3058 -46.2035
-121.37 75.2667 -46.111
-370.537 229.052 -140.476
-372.163 229.529 -140.943
-255.736 157.318 -97.0573
-256.916 157.42 -97.4822
-298.389 183.125 -112.227
-371.603 227.057 -138.755
-188.677 112.495 -69.3119
-297.599 176.656 -108.967
-188.638 111.403 -68.6522
-313.512 184.048 -113.524
-189.684 110.882 -67.9664
-306.904 178.663 -110.077
-141.811 82.6349 -50.5276
-329.118 189.069 -115.624
-487.047 278.219 -170.777
-287.001 162.764 -99.4042
-367.497 208.386 -127.07
-287.997 163.063 -99.5189
-368.688 207.014 -127.992
-154.921 86.637 -53.3482
-365.29 204.002 -126.112
-170.688 94.9388 -58.2812
-287.367 159.022 -97.1151
-175.46 96.5774 -59.6804
-283.524 155.628 -95.586
-285.368 156.666 -95.801
-284.494 155.764 -95.072
-320.479 174.031 -106.142
-258.678 139.961 -85.1882
-265.116 142.474 -87.8926
-217.213 116.554 -71.1943
-202.529 109.107 -66.4291
-203.576 108.532 -66.2566
-216.611 115.402 -70.5739
-289.632 153.954 -94.5763
-428.857 227.599 -138.845
-381.793 200.463 -122.214
-419.873 219.354 -135.045
-381.829 200.038 -121.812
-422.069 220.448 -135.155
-418.472 218.599 -134.014
-163.177 84.8446 -52.2856
-383.54 197.8 -122.013
-217.088 111.978 -68.7785
-220.087 113.378 -69.4414
-217.526 111.991 -68.5947
-385.597 198.617 -120.999
-265.541 136.144 -83.8965
-331.53 169.421 -104.181
-502.625 253.987 -154.972
-421.992 212.481 -129.455
-272.715 136.302 -83.9913
-272.721 136.332 -83.9262
-418.73 209.263 -127.524
-335.66 166.191 -101.807
-335.684 166.182 -101.745
-121.67 59.5021 -36.409
-121.677 59.5058 -36.3793
-224.979 109.189 -66.3585
-219.238 106.608 -64.7678
-218.239 106.048 -64.4017
-216.588 104.39 -63.4175
-217.156 104.635 -63.5729
-238.365 114.487 -70.2874
-334.118 160.396 -97.7771
-207.706 98.9022 -60.2722
-220.56 104.425 -63.9846
-220.49 104.292 -64.0736
-546 254.794 -155.872
-375.183 171.896 -104.402
-241.393 110.191 -67.4771
-420.907 192.356 -116.766
-423.239 192.886 -117.248
-316.281 138.182 -84.5061
-430.117 187.46 -115.092
-315.955 138.073 -83.9789
-237.445 103.335 -63.219
-424.04 184.087 -112.78
-424.021 184.111 -112.81
-523.159 225.517 -137.191
-534.36 228.218 -140.01
-537.656 229.268 -139.842
-474.229 193.379 -118.464
-233.895 93.8159 -57.4808
132.305 204.933 -125.397
133.067 206.175 -126.245
233.505 364.672 -223.746
205.169 320.741 -196.091
234.563 369.209 -225.774
244.207 385.576 -235.783
124.123 198.723 -121.936
159.819 261.877 -160.572
197.425 327.786 -200.592
169.955 291.002 -177.921
152.334 260.911 -159.898
151.775 261.675 -160.05
138.484 239.106 -146.2
166.989 293.774 -179.573
153.599 270.373 -165.586
153.018 269.899 -165.332
151.19 267.533 -163.851
149.662 265.796 -162.231
151.481 269.844 -164.944
121.018 215.562 -132.01
133.915 240.81 -147.418
152.543 274.157 -168.238
164.327 296.67 -181.123
164.109 296.217 -180.859
133.162 241.648 -147.794
143.715 261.452 -159.621
143.914 262.918 -160.446
82.445 150.711 -92.1318
83.9617 153.49 -93.8769
132.579 243.526 -149.004
164.435 302.934 -185.516
163.996 302.186 -185.045
228.55 420.969 -258.149
82.7853 152.766 -93.2906
89.7562 166.11 -101.57
89.6282 166.811 -102.073
141.273 263.795 -162.102
116.28 218.736 -133.561
180.56 339.453 -207.781
140.821 265.037 -162.261
139.231 262.275 -160.568
139.836 263.488 -161.285
146.198 275.803 -168.306
149.588 281.832 -173.011
114.196 215.433 -132.095
258.806 488.258 -299.696
152.476 288.637 -176.348
146.848 277.979 -170.212
139.427 264.188 -161.607
147.831 280.522 -172.365
148.599 282.052 -173.287
87.1831 165.905 -101.389
150.106 285.854 -174.381
212.748 405.488 -247.735
179.108 341.071 -209.415
140.272 267.936 -164.529
138.957 266.104 -162.408
139.877 268.382 -163.963
138.103 265.291 -161.855
210.086 403.408 -247.798
137.442 264.405 -162.489
176.783 341.123 -208.495
222.105 429.521 -263.692
136.256 263.929 -161.503
135.679 262.826 -160.797
